 timeStep numberPedsInformed-PID12 numberPedsAll-PID12 percentageInformed-PID12
0 0.0 0 10 0.0
1 0.4000000000000057 0 10 0.0
2 0.8000000000000114 3 10 0.3
3 1.2000000000000028 3 10 0.3
4 1.6000000000000085 4 10 0.4
5 2.0 4 10 0.4
6 2.4000000000000057 4 10 0.4
7 2.8000000000000114 4 10 0.4
8 3.200000000000003 4 10 0.4
9 3.6000000000000085 4 10 0.4
10 4.0 4 10 0.4
11 4.400000000000006 4 10 0.4
12 4.800000000000011 4 10 0.4
13 5.200000000000003 4 10 0.4
14 5.6000000000000085 4 10 0.4
15 6.0 4 10 0.4
16 6.400000000000006 4 10 0.4
17 6.800000000000011 4 10 0.4
18 7.200000000000003 4 10 0.4
19 7.6000000000000085 4 10 0.4
20 8.0 4 10 0.4
21 8.400000000000006 4 10 0.4
22 8.800000000000011 4 10 0.4
23 9.200000000000003 4 10 0.4
24 9.600000000000009 4 10 0.4
25 10.0 4 10 0.4
26 10.400000000000006 4 11 0.3636363636363637
27 10.800000000000011 5 11 0.4545454545454545
28 11.200000000000003 5 11 0.4545454545454545
29 11.600000000000009 7 11 0.6363636363636364
30 12.0 7 11 0.6363636363636364
31 12.400000000000006 7 11 0.6363636363636364
32 12.800000000000011 7 11 0.6363636363636364
33 13.200000000000003 7 11 0.6363636363636364
34 13.600000000000009 7 11 0.6363636363636364
35 14.0 7 11 0.6363636363636364
36 14.400000000000006 7 11 0.6363636363636364
37 14.800000000000011 7 11 0.6363636363636364
38 15.200000000000003 7 11 0.6363636363636364
39 15.600000000000009 7 11 0.6363636363636364
40 16.0 7 11 0.6363636363636364
41 16.400000000000006 7 11 0.6363636363636364
42 16.80000000000001 7 11 0.6363636363636364
43 17.200000000000003 7 11 0.6363636363636364
44 17.60000000000001 7 11 0.6363636363636364
45 18.0 7 11 0.6363636363636364
46 18.400000000000006 7 11 0.6363636363636364
47 18.80000000000001 7 11 0.6363636363636364
48 19.200000000000003 7 11 0.6363636363636364
49 19.60000000000001 7 11 0.6363636363636364
50 20.0 7 11 0.6363636363636364
51 20.400000000000006 7 11 0.6363636363636364
52 20.80000000000001 7 11 0.6363636363636364
53 21.200000000000003 7 11 0.6363636363636364
54 21.60000000000001 7 11 0.6363636363636364
55 22.0 7 11 0.6363636363636364
56 22.400000000000006 7 11 0.6363636363636364
57 22.80000000000001 7 11 0.6363636363636364
58 23.200000000000003 7 11 0.6363636363636364
59 23.60000000000001 7 11 0.6363636363636364
60 24.0 7 11 0.6363636363636364
61 24.400000000000006 7 11 0.6363636363636364
62 24.80000000000001 7 11 0.6363636363636364
63 25.200000000000003 7 11 0.6363636363636364
64 25.60000000000001 7 11 0.6363636363636364
65 26.0 7 11 0.6363636363636364
66 26.400000000000006 7 11 0.6363636363636364
67 26.80000000000001 8 11 0.7272727272727273
68 27.200000000000003 8 11 0.7272727272727273
69 27.60000000000001 8 11 0.7272727272727273
70 28.0 8 11 0.7272727272727273
71 28.400000000000006 8 11 0.7272727272727273
72 28.80000000000001 8 11 0.7272727272727273
73 29.200000000000017 8 11 0.7272727272727273
74 29.599999999999994 8 11 0.7272727272727273
75 30.0 8 11 0.7272727272727273
76 30.400000000000006 8 11 0.7272727272727273
77 30.80000000000001 8 11 0.7272727272727273
78 31.200000000000017 8 11 0.7272727272727273
79 31.599999999999994 8 11 0.7272727272727273
80 32.0 8 11 0.7272727272727273
81 32.400000000000006 8 11 0.7272727272727273
82 32.80000000000001 9 11 0.8181818181818182
83 33.20000000000002 9 12 0.75
84 33.599999999999994 10 12 0.8333333333333334
85 34.0 10 13 0.7692307692307693
86 34.400000000000006 10 13 0.7692307692307693
87 34.80000000000001 10 13 0.7692307692307693
88 35.20000000000002 10 12 0.8333333333333334
89 35.599999999999994 10 12 0.8333333333333334
90 36.0 10 12 0.8333333333333334
91 36.400000000000006 10 12 0.8333333333333334
92 36.80000000000001 10 12 0.8333333333333334
93 37.20000000000002 10 12 0.8333333333333334
94 37.599999999999994 10 12 0.8333333333333334
95 38.0 10 12 0.8333333333333334
96 38.400000000000006 10 12 0.8333333333333334
97 38.80000000000001 10 12 0.8333333333333334
98 39.20000000000002 10 12 0.8333333333333334
99 39.599999999999994 10 12 0.8333333333333334
100 40.0 10 12 0.8333333333333334
101 40.400000000000006 10 12 0.8333333333333334
102 40.80000000000001 10 12 0.8333333333333334
103 41.20000000000002 10 12 0.8333333333333334
104 41.599999999999994 10 12 0.8333333333333334
105 42.0 10 12 0.8333333333333334
106 42.400000000000006 10 12 0.8333333333333334
107 42.80000000000001 10 12 0.8333333333333334
108 43.20000000000002 10 12 0.8333333333333334
109 43.599999999999994 10 12 0.8333333333333334
110 44.0 10 12 0.8333333333333334
111 44.400000000000006 10 12 0.8333333333333334
112 44.80000000000001 11 13 0.8461538461538461
113 45.20000000000002 11 13 0.8461538461538461
114 45.599999999999994 11 13 0.8461538461538461
115 46.0 11 13 0.8461538461538461
116 46.400000000000006 11 13 0.8461538461538461
117 46.80000000000001 11 13 0.8461538461538461
118 47.20000000000002 11 13 0.8461538461538461
119 47.599999999999994 11 13 0.8461538461538461
120 48.0 11 13 0.8461538461538461
121 48.400000000000006 11 14 0.7857142857142857
122 48.80000000000001 12 14 0.8571428571428571
123 49.20000000000002 12 14 0.8571428571428571
124 49.599999999999994 12 14 0.8571428571428571
125 50.0 12 14 0.8571428571428571
126 50.400000000000006 12 14 0.8571428571428571
127 50.80000000000001 12 14 0.8571428571428571
128 51.20000000000002 12 14 0.8571428571428571
129 51.599999999999994 12 14 0.8571428571428571
130 52.0 12 14 0.8571428571428571
131 52.400000000000006 12 14 0.8571428571428571
132 52.80000000000001 12 14 0.8571428571428571
133 53.20000000000002 12 14 0.8571428571428571
134 53.60000000000002 12 14 0.8571428571428571
135 54.0 12 14 0.8571428571428571
136 54.400000000000006 12 14 0.8571428571428571
137 54.80000000000001 12 14 0.8571428571428571
138 55.20000000000002 12 14 0.8571428571428571
139 55.60000000000002 13 15 0.8666666666666667
140 56.0 13 15 0.8666666666666667
141 56.400000000000006 13 15 0.8666666666666667
142 56.80000000000001 13 15 0.8666666666666667
143 57.20000000000002 13 15 0.8666666666666667
144 57.60000000000002 13 15 0.8666666666666667
145 58.0 13 15 0.8666666666666667
146 58.400000000000006 13 15 0.8666666666666667
147 58.80000000000001 13 15 0.8666666666666667
148 59.20000000000002 13 15 0.8666666666666667
149 59.60000000000002 13 15 0.8666666666666667
150 60.0 13 15 0.8666666666666667
151 60.400000000000006 13 15 0.8666666666666667
152 60.80000000000001 13 15 0.8666666666666667
153 61.20000000000002 13 15 0.8666666666666667
154 61.60000000000002 13 15 0.8666666666666667
155 62.0 13 15 0.8666666666666667
156 62.400000000000006 13 15 0.8666666666666667
157 62.80000000000001 13 15 0.8666666666666667
158 63.20000000000002 13 15 0.8666666666666667
159 63.60000000000002 13 15 0.8666666666666667
160 64.0 13 14 0.9285714285714286
161 64.4 13 14 0.9285714285714286
162 64.80000000000001 13 14 0.9285714285714286
163 65.20000000000002 13 14 0.9285714285714286
164 65.60000000000002 13 14 0.9285714285714286
165 66.0 13 14 0.9285714285714286
166 66.4 13 14 0.9285714285714286
167 66.80000000000001 14 15 0.9333333333333332
168 67.20000000000002 14 15 0.9333333333333332
169 67.60000000000002 14 15 0.9333333333333332
170 68.0 14 15 0.9333333333333332
171 68.4 13 14 0.9285714285714286
172 68.80000000000001 13 14 0.9285714285714286
173 69.20000000000002 13 13 1.0
