#IDXCOL=1,DATACOL=3,SEP=' '
timeStep numberPedsInformed-PID12 numberPedsAll-PID12 percentageInformed-PID12
1 0 0 0.0
2 0 0 0.0
3 0 4 0.0
4 0 10 0.0
5 0 16 0.0
6 0 22 0.0
7 0 31 0.0
8 0 35 0.0
9 0 40 0.0
10 0 44 0.0
11 0 53 0.0
12 0 60 0.0
13 0 65 0.0
14 0 72 0.0
15 0 81 0.0
16 0 84 0.0
17 0 91 0.0
18 0 96 0.0
19 0 103 0.0
20 0 111 0.0
21 0 115 0.0
22 0 120 0.0
23 0 127 0.0
24 0 133 0.0
25 0 136 0.0
26 0 139 0.0
27 0 142 0.0
28 0 151 0.0
29 0 154 0.0
30 0 161 0.0
31 0 170 0.0
32 0 177 0.0
33 0 187 0.0
34 0 198 0.0
35 0 201 0.0
36 0 210 0.0
37 0 215 0.0
38 0 220 0.0
39 0 226 0.0
40 0 233 0.0
41 0 240 0.0
42 0 246 0.0
43 0 248 0.0
44 0 256 0.0
45 0 266 0.0
46 0 272 0.0
47 0 279 0.0
48 0 292 0.0
49 0 297 0.0
50 0 303 0.0
51 0 309 0.0
52 0 312 0.0
53 0 321 0.0
54 0 326 0.0
55 0 336 0.0
56 0 340 0.0
57 0 348 0.0
58 0 358 0.0
59 0 361 0.0
60 0 371 0.0
61 0 380 0.0
62 0 384 0.0
63 0 390 0.0
64 0 399 0.0
65 0 404 0.0
66 0 417 0.0
67 0 422 0.0
68 0 428 0.0
69 0 431 0.0
70 0 435 0.0
71 0 442 0.0
72 0 449 0.0
73 0 452 0.0
74 0 461 0.0
75 0 470 0.0
76 0 478 0.0
77 0 481 0.0
78 0 488 0.0
79 0 493 0.0
80 0 503 0.0
81 0 504 0.0
82 0 507 0.0
83 0 511 0.0
84 0 513 0.0
85 0 519 0.0
86 0 529 0.0
87 0 540 0.0
88 0 542 0.0
89 0 551 0.0
90 0 560 0.0
91 0 569 0.0
92 0 576 0.0
93 0 583 0.0
94 0 587 0.0
95 0 593 0.0
96 0 600 0.0
97 0 606 0.0
98 0 610 0.0
99 0 616 0.0
100 0 623 0.0
101 0 631 0.0
102 0 638 0.0
103 0 645 0.0
104 0 651 0.0
105 0 657 0.0
106 0 664 0.0
107 0 669 0.0
108 0 675 0.0
109 0 680 0.0
110 0 689 0.0
111 0 692 0.0
112 0 699 0.0
113 0 705 0.0
114 0 710 0.0
115 0 717 0.0
116 0 727 0.0
117 0 732 0.0
118 0 739 0.0
119 0 745 0.0
120 0 748 0.0
121 0 756 0.0
122 0 761 0.0
123 0 770 0.0
124 0 777 0.0
125 0 781 0.0
126 0 789 0.0
127 0 796 0.0
128 0 803 0.0
129 0 812 0.0
130 0 817 0.0
131 0 824 0.0
132 0 829 0.0
133 0 837 0.0
134 0 841 0.0
135 0 849 0.0
136 0 863 0.0
137 0 869 0.0
138 0 875 0.0
139 0 881 0.0
140 0 889 0.0
141 0 895 0.0
142 0 899 0.0
143 0 905 0.0
144 0 911 0.0
145 0 917 0.0
146 0 918 0.0
147 0 928 0.0
148 0 936 0.0
149 0 942 0.0
150 0 950 0.0
151 0 952 0.0
152 0 956 0.0
153 0 960 0.0
154 0 965 0.0
155 0 974 0.0
156 0 978 0.0
157 0 986 0.0
158 0 993 0.0
159 0 1004 0.0
160 0 1009 0.0
161 0 1014 0.0
162 0 1017 0.0
163 0 1021 0.0
164 0 1031 0.0
165 0 1038 0.0
166 0 1044 0.0
167 0 1049 0.0
168 0 1054 0.0
169 0 1062 0.0
170 0 1070 0.0
171 0 1080 0.0
172 0 1083 0.0
173 0 1092 0.0
174 0 1100 0.0
175 0 1108 0.0
176 0 1111 0.0
177 0 1117 0.0
178 0 1125 0.0
179 0 1131 0.0
180 0 1138 0.0
181 0 1141 0.0
182 0 1149 0.0
183 0 1159 0.0
184 0 1171 0.0
185 0 1180 0.0
186 0 1187 0.0
187 0 1196 0.0
188 0 1203 0.0
189 0 1212 0.0
190 0 1216 0.0
191 0 1226 0.0
192 0 1235 0.0
193 0 1239 0.0
194 0 1249 0.0
195 0 1251 0.0
196 0 1257 0.0
197 0 1268 0.0
198 0 1270 0.0
199 0 1278 0.0
200 0 1286 0.0
201 0 1292 0.0
202 0 1296 0.0
203 0 1302 0.0
204 0 1308 0.0
205 0 1311 0.0
206 0 1317 0.0
207 0 1322 0.0
208 0 1327 0.0
209 0 1336 0.0
210 0 1344 0.0
211 0 1346 0.0
212 0 1356 0.0
213 0 1363 0.0
214 0 1368 0.0
215 0 1376 0.0
216 0 1383 0.0
217 0 1387 0.0
218 0 1394 0.0
219 0 1399 0.0
220 0 1406 0.0
221 0 1413 0.0
222 0 1422 0.0
223 0 1426 0.0
224 0 1432 0.0
225 0 1440 0.0
226 0 1448 0.0
227 0 1455 0.0
228 0 1459 0.0
229 0 1471 0.0
230 0 1476 0.0
231 0 1480 0.0
232 0 1486 0.0
233 0 1492 0.0
234 0 1496 0.0
235 0 1502 0.0
236 0 1508 0.0
237 0 1513 0.0
238 0 1518 0.0
239 0 1526 0.0
240 0 1534 0.0
241 0 1541 0.0
242 0 1549 0.0
243 0 1554 0.0
244 0 1556 0.0
245 0 1561 0.0
246 0 1568 0.0
247 0 1576 0.0
248 0 1586 0.0
249 0 1593 0.0
250 0 1599 0.0
251 0 1607 0.0
252 21 1612 0.013027295285359801
253 21 1617 0.012987012987012988
254 655 1622 0.4038224414303329
255 655 1627 0.4025814382298709
256 655 1634 0.4008567931456548
257 812 1645 0.49361702127659574
258 812 1653 0.49122807017543857
259 1386 1660 0.8349397590361446
260 1386 1663 0.8334335538184005
261 1386 1668 0.8309352517985612
262 1677 1677 1.0
