#IDXCOL=1,DATACOL=1,SEP=' '
timeStep NumAgentsGenPerSecond-PID13
1 10.0
2 0.0
3 0.0
4 2.5
5 5.0
6 0.0
7 5.0
8 0.0
9 0.0
10 0.0
11 0.0
12 5.0
13 0.0
14 0.0
15 0.0
16 2.5
17 0.0
18 0.0
19 0.0
20 5.0
21 2.5
22 2.5
23 2.5
24 2.5
25 0.0
26 2.5
27 0.0
28 0.0
29 5.0
30 2.5
31 0.0
32 0.0
33 0.0
34 0.0
35 2.5
36 0.0
37 2.5
38 2.5
39 5.0
40 0.0
41 2.5
42 0.0
43 0.0
44 0.0
45 0.0
46 2.5
47 0.0
48 0.0
49 5.0
50 5.0
51 0.0
52 0.0
53 0.0
54 2.5
55 2.5
56 2.5
57 2.5
58 0.0
59 2.5
60 0.0
61 0.0
62 2.5
63 0.0
64 2.5
65 2.5
66 2.5
67 2.5
68 0.0
69 5.0
70 2.5
71 0.0
72 2.5
73 0.0
74 7.5
75 2.5
76 2.5
77 0.0
78 5.0
79 5.0
80 0.0
81 5.0
82 0.0
83 5.0
84 2.5
85 5.0
86 0.0
87 0.0
88 2.5
89 2.5
90 2.5
91 0.0
92 0.0
93 0.0
94 5.0
95 2.5
96 2.5
97 0.0
98 0.0
99 0.0
100 0.0
101 2.5
102 2.5
103 0.0
104 0.0
105 5.0
106 0.0
107 0.0
108 0.0
109 2.5
110 5.0
111 2.5
112 2.5
113 0.0
114 5.0
115 2.5
116 2.5
117 5.0
118 5.0
119 0.0
120 0.0
121 0.0
122 0.0
123 7.5
124 2.5
125 0.0
126 0.0
127 0.0
128 2.5
129 0.0
130 2.5
131 5.0
132 0.0
133 2.5
134 0.0
135 0.0
136 2.5
137 2.5
138 2.5
139 2.5
140 0.0
141 2.5
142 2.5
143 0.0
144 2.5
145 0.0
146 5.0
147 0.0
148 0.0
149 5.0
150 0.0
151 2.5
152 2.5
153 0.0
154 0.0
155 0.0
156 0.0
157 5.0
158 0.0
159 5.0
160 5.0
161 0.0
162 0.0
163 5.0
164 2.5
165 0.0
166 0.0
167 5.0
168 0.0
169 2.5
170 0.0
171 0.0
172 7.5
173 0.0
174 2.5
175 2.5
176 7.5
177 5.0
178 2.5
179 0.0
180 2.5
181 2.5
182 7.5
183 2.5
184 0.0
185 0.0
186 0.0
187 0.0
188 2.5
189 0.0
190 2.5
191 0.0
192 2.5
193 5.0
194 2.5
195 0.0
196 7.5
197 0.0
198 0.0
199 0.0
200 0.0
201 5.0
202 2.5
203 0.0
204 0.0
205 2.5
206 0.0
207 5.0
208 2.5
209 0.0
210 2.5
211 7.5
212 0.0
213 0.0
214 0.0
215 0.0
216 2.5
217 0.0
218 5.0
219 0.0
220 2.5
221 0.0
222 2.5
223 0.0
224 0.0
225 7.5
226 0.0
227 2.5
228 5.0
229 2.5
230 2.5
231 0.0
232 2.5
233 0.0
234 0.0
235 5.0
236 0.0
237 0.0
238 2.5
239 2.5
240 5.0
241 2.5
242 2.5
243 5.0
244 0.0
245 0.0
246 0.0
247 2.5
248 2.5
249 0.0
250 2.5
251 0.0
252 5.0
253 0.0
254 2.5
255 2.5
256 0.0
257 0.0
258 0.0
259 2.5
260 5.0
261 2.5
262 5.0
263 0.0
264 0.0
265 0.0
266 2.5
267 2.5
268 0.0
269 0.0
270 5.0
271 0.0
272 7.5
273 0.0
274 0.0
275 2.5
276 2.5
277 2.5
278 5.0
279 2.5
280 0.0
281 5.0
282 0.0
283 2.5
284 2.5
285 0.0
286 0.0
287 0.0
288 2.5
289 2.5
290 0.0
291 5.0
292 2.5
293 0.0
294 2.5
295 2.5
296 0.0
297 5.0
298 0.0
299 0.0
300 2.5
301 2.5
302 0.0
303 2.5
304 2.5
305 2.5
306 5.0
307 0.0
308 5.0
309 5.0
310 0.0
311 2.5
312 2.5
313 2.5
314 2.5
315 0.0
316 0.0
317 0.0
318 2.5
319 0.0
320 2.5
321 0.0
322 2.5
323 0.0
324 2.5
325 0.0
326 2.5
327 2.5
328 0.0
329 0.0
330 0.0
331 2.5
332 0.0
333 2.5
334 2.5
335 0.0
336 2.5
337 0.0
338 2.5
339 0.0
340 5.0
341 2.5
342 2.5
343 2.5
344 2.5
345 2.5
346 0.0
347 0.0
348 7.5
349 2.5
350 0.0
351 2.5
352 5.0
353 2.5
354 2.5
355 0.0
356 7.5
357 0.0
358 2.5
359 0.0
360 5.0
361 7.5
362 5.0
363 0.0
364 7.5
365 2.5
366 10.0
367 5.0
368 5.0
369 2.5
370 2.5
371 0.0
372 0.0
373 0.0
374 2.5
375 0.0
376 0.0
377 0.0
378 2.5
379 2.5
380 0.0
381 0.0
382 0.0
383 0.0
384 5.0
385 0.0
386 0.0
387 0.0
388 2.5
389 0.0
390 0.0
391 5.0
392 5.0
393 0.0
394 0.0
395 2.5
396 0.0
397 0.0
398 2.5
399 2.5
400 0.0
401 2.5
402 2.5
403 5.0
404 0.0
405 2.5
406 5.0
407 0.0
408 0.0
409 5.0
410 5.0
411 7.5
412 0.0
413 2.5
414 2.5
415 7.5
416 5.0
417 0.0
418 5.0
419 2.5
420 2.5
421 0.0
422 0.0
423 2.5
424 0.0
425 5.0
426 0.0
427 2.5
428 2.5
429 0.0
430 2.5
431 2.5
432 0.0
433 0.0
434 2.5
435 2.5
436 0.0
437 0.0
438 2.5
439 0.0
440 2.5
441 5.0
442 0.0
443 2.5
444 0.0
445 2.5
446 0.0
447 0.0
448 2.5
449 2.5
450 0.0
451 0.0
452 2.5
453 0.0
454 0.0
455 0.0
456 2.5
457 0.0
458 0.0
459 0.0
460 7.5
461 2.5
462 0.0
463 0.0
464 10.0
465 0.0
466 2.5
467 0.0
468 0.0
469 5.0
470 2.5
471 0.0
472 0.0
473 0.0
474 0.0
475 0.0
476 0.0
477 0.0
478 2.5
479 0.0
480 2.5
481 2.5
482 2.5
483 2.5
484 0.0
485 0.0
486 5.0
487 0.0
488 2.5
489 0.0
490 2.5
491 0.0
492 0.0
493 0.0
494 0.0
495 0.0
496 0.0
497 0.0
498 2.5
499 2.5
500 0.0
501 0.0
