id run_id numberOfAgents Power Traffic timeToInform
0 0 131.0 1.28 386.0 3.6
1 0 553.0 1.28 386.0 3.6
2 0 131.0 1.28 1121.0 10.8
3 0 131.0 1.86 386.0 5.6
4 0 131.0 1.86 1121.0 4.8
5 0 553.0 1.86 386.0 5.6
6 0 553.0 1.28 1121.0 4.8
7 0 553.0 1.86 1121.0 4.8
8 0 620.0 0.53 2386.0 5.6
9 0 105.0 0.53 2386.0 10.8
10 0 620.0 0.53 3121.0 3.6
11 0 620.0 1.11 2386.0 4.8
12 0 620.0 1.11 3121.0 5.6
13 0 105.0 1.11 2386.0 10.8
14 0 105.0 0.53 3121.0 10.0
15 0 105.0 1.11 3121.0 17.6
16 0 1520.0 1.65 1386.0 4.8
17 0 1207.0 1.65 1386.0 2.8
18 0 1520.0 1.65 2121.0 5.6
19 0 1520.0 0.74 1386.0 4.8
20 0 1520.0 0.74 2121.0 3.6
21 0 1207.0 0.74 1386.0 3.6
22 0 1207.0 1.65 2121.0 3.6
23 0 1207.0 0.74 2121.0 4.8
24 0 318.0 0.9 3386.0 15.6
25 0 280.0 0.9 3386.0 5.6
26 0 318.0 0.9 121.0 4.8
27 0 318.0 1.49 3386.0 8.8
28 0 318.0 1.49 121.0 3.6
29 0 280.0 1.49 3386.0 6.8
30 0 280.0 0.9 121.0 3.6
31 0 280.0 1.49 121.0 2.8
32 0 216.0 0.72 1886.0 5.6
33 0 185.0 0.72 1886.0 8.8
34 0 216.0 0.72 621.0 4.8
35 0 216.0 1.67 1886.0 4.8
36 0 216.0 1.67 621.0 5.6
37 0 185.0 1.67 1886.0 8.8
38 0 185.0 0.72 621.0 4.0
39 0 185.0 1.67 621.0 4.4
40 0 889.0 1.47 3886.0 3.6
41 0 780.0 1.47 3886.0 5.6
42 0 889.0 1.47 2621.0 3.6
43 0 889.0 0.92 3886.0 2.8
44 0 889.0 0.92 2621.0 3.6
45 0 780.0 0.92 3886.0 5.6
46 0 780.0 1.47 2621.0 3.6
47 0 780.0 0.92 2621.0 3.6
48 0 446.0 1.09 886.0 4.8
49 0 36.0 1.09 886.0 4.8
50 0 446.0 1.09 3621.0 5.6
51 0 446.0 0.55 886.0 5.6
52 0 446.0 0.55 3621.0 3.6
53 0 36.0 0.55 886.0 4.8
54 0 36.0 1.09 3621.0 11.6
55 0 36.0 0.55 3621.0 11.6
56 0 59.0 1.84 2886.0 16.0
57 0 398.0 1.84 2886.0 4.8
58 0 59.0 1.84 1621.0 15.6
59 0 59.0 1.3 2886.0 15.2
60 0 59.0 1.3 1621.0 15.2
61 0 398.0 1.3 2886.0 4.8
62 0 398.0 1.84 1621.0 3.6
63 0 398.0 1.3 1621.0 2.8
64 0 42.0 0.57 761.0 9.6
65 0 307.0 0.57 761.0 5.6
66 0 42.0 0.57 2496.0 6.4
67 0 42.0 0.88 761.0 9.6
68 0 42.0 0.88 2496.0 6.4
69 0 307.0 0.88 761.0 4.8
70 0 307.0 0.57 2496.0 3.6
71 0 307.0 0.88 2496.0 3.6
72 0 411.0 1.32 2761.0 4.8
73 0 1414.0 1.32 2761.0 4.8
74 0 411.0 1.32 496.0 4.8
75 0 411.0 1.63 2761.0 4.8
76 0 411.0 1.63 496.0 4.8
77 0 1414.0 1.63 2761.0 4.8
78 0 1414.0 1.32 496.0 3.6
79 0 1414.0 1.63 496.0 4.8
80 0 807.0 0.95 1761.0 4.8
81 0 124.0 0.95 1761.0 13.6
82 0 807.0 0.95 1496.0 3.6
83 0 807.0 1.25 1761.0 3.6
84 0 807.0 1.25 1496.0 3.6
85 0 124.0 1.25 1761.0 7.6
86 0 124.0 0.95 1496.0 4.8
87 0 124.0 1.25 1496.0 6.0
88 0 193.0 1.7 3761.0 4.8
89 0 601.0 1.7 3761.0 4.8
90 0 193.0 1.7 3496.0 18.8
91 0 193.0 0.5 3761.0 27.6
92 0 193.0 0.5 3496.0 13.2
93 0 601.0 0.5 3761.0 4.8
94 0 601.0 1.7 3496.0 5.6
95 0 601.0 0.5 3496.0 4.8
96 0 290.0 1.51 1261.0 4.8
97 0 433.0 1.51 1261.0 4.8
98 0 290.0 1.51 3996.0 14.8
99 0 290.0 1.06 1261.0 8.8
100 0 290.0 1.06 3996.0 6.8
101 0 433.0 1.06 1261.0 3.6
102 0 433.0 1.51 3996.0 5.6
103 0 433.0 1.06 3996.0 5.6
104 0 1275.0 0.76 3261.0 3.6
105 0 52.0 0.76 3261.0 12.4
106 0 1275.0 0.76 1996.0 2.8
107 0 1275.0 1.81 3261.0 3.6
108 0 1275.0 1.81 1996.0 3.6
109 0 52.0 1.81 3261.0 12.8
110 0 52.0 0.76 1996.0 4.8
111 0 52.0 1.81 1996.0 4.0
112 0 570.0 1.89 261.0 3.6
113 0 857.0 1.89 261.0 3.6
114 0 570.0 1.89 996.0 4.8
115 0 570.0 1.44 261.0 3.6
116 0 570.0 1.44 996.0 3.6
117 0 857.0 1.44 261.0 3.6
118 0 857.0 1.89 996.0 2.8
119 0 857.0 1.44 996.0 3.6
120 0 112.0 1.14 2261.0 10.8
121 0 207.0 1.14 2261.0 24.4
122 0 112.0 1.14 2996.0 17.2
123 0 112.0 0.69 2261.0 6.4
124 0 112.0 0.69 2996.0 7.6
125 0 207.0 0.69 2261.0 5.6
126 0 207.0 1.14 2996.0 6.8
127 0 207.0 0.69 2996.0 6.8
128 0 76.0 1.98 1511.0 7.2
129 0 20.0 1.98 1511.0 9.6
130 0 76.0 1.98 246.0 7.6
131 0 76.0 0.6 1511.0 7.6
132 0 76.0 0.6 246.0 7.6
133 0 20.0 0.6 1511.0 9.6
134 0 20.0 1.98 246.0 9.6
135 0 20.0 0.6 246.0 9.6
136 0 484.0 1.23 3511.0 4.8
137 0 366.0 1.23 3511.0 6.8
138 0 484.0 1.23 2246.0 4.8
139 0 484.0 1.35 3511.0 5.6
140 0 484.0 1.35 2246.0 4.8
141 0 366.0 1.35 3511.0 6.8
142 0 366.0 1.23 2246.0 8.8
143 0 366.0 1.35 2246.0 4.8
144 0 988.0 1.61 511.0 2.8
145 0 164.0 1.61 511.0 6.8
146 0 988.0 1.61 3246.0 4.8
147 0 988.0 1.72 511.0 3.6
148 0 988.0 1.72 3246.0 4.8
149 0 164.0 1.72 511.0 6.8
150 0 164.0 1.61 3246.0 7.6
151 0 164.0 1.72 3246.0 6.8
152 0 239.0 0.86 2511.0 5.6
153 0 713.0 0.86 2511.0 4.8
154 0 239.0 0.86 1246.0 4.8
155 0 239.0 0.97 2511.0 5.6
156 0 239.0 0.97 1246.0 8.8
157 0 713.0 0.97 2511.0 4.8
158 0 713.0 0.86 1246.0 4.8
159 0 713.0 0.97 1246.0 6.8
160 0 151.0 1.04 11.0 5.2
161 0 1061.0 1.04 11.0 4.0
162 0 151.0 1.04 1746.0 10.4
163 0 151.0 0.78 11.0 5.2
164 0 151.0 0.78 1746.0 7.6
165 0 1061.0 0.78 11.0 4.8
166 0 1061.0 1.04 1746.0 4.8
167 0 1061.0 0.78 1746.0 3.6
168 0 675.0 1.79 2011.0 5.6
169 0 254.0 1.79 2011.0 32.3999999999999
170 0 675.0 1.79 3746.0 2.8
171 0 675.0 1.53 2011.0 3.6
172 0 675.0 1.53 3746.0 2.8
173 0 254.0 1.53 2011.0 3.6
174 0 254.0 1.79 3746.0 8.8
175 0 254.0 1.53 3746.0 5.6
176 0 347.0 0.67 1011.0 3.6
177 0 510.0 0.67 1011.0 4.8
178 0 347.0 0.67 2746.0 3.6
179 0 347.0 1.91 1011.0 5.6
180 0 347.0 1.91 2746.0 4.8
181 0 510.0 1.91 1011.0 4.8
182 0 510.0 0.67 2746.0 5.6
183 0 510.0 1.91 2746.0 3.6
184 0 10.0 1.42 3011.0 69.19999999999989
185 0 87.0 1.42 3011.0 8.8
186 0 10.0 1.42 746.0 69.19999999999989
187 0 10.0 1.16 3011.0 69.19999999999989
188 0 10.0 1.16 746.0 69.19999999999989
189 0 87.0 1.16 3011.0 4.4
190 0 87.0 1.42 746.0 6.4
191 0 87.0 1.16 746.0 6.8
192 0 11.0 1.17 1505.0 14.8
193 0 333.0 1.17 1505.0 3.6
194 0 11.0 1.17 2228.0 14.8
195 0 11.0 1.77 1505.0 14.8
196 0 11.0 1.77 2228.0 14.8
197 0 333.0 1.77 1505.0 4.0
198 0 333.0 1.17 2228.0 4.8
199 0 333.0 1.77 2228.0 4.8
200 0 347.0 1.92 3505.0 3.6
201 0 1734.0 1.92 3505.0 4.8
202 0 347.0 1.92 228.0 5.6
203 0 347.0 1.02 3505.0 10.8
204 0 347.0 1.02 228.0 3.6
205 0 1734.0 1.02 3505.0 4.0
206 0 1734.0 1.92 228.0 3.6
207 0 1734.0 1.02 228.0 2.8
208 0 676.0 0.8 505.0 4.8
209 0 142.0 0.8 505.0 4.0
210 0 676.0 0.8 1228.0 3.6
211 0 676.0 0.64 505.0 4.8
212 0 676.0 0.64 1228.0 4.8
213 0 142.0 0.64 505.0 4.8
214 0 142.0 0.8 1228.0 6.4
215 0 142.0 0.64 1228.0 5.2
216 0 151.0 1.55 2505.0 2.8
217 0 649.0 1.55 2505.0 4.8
218 0 151.0 1.55 3228.0 7.6
219 0 151.0 1.39 2505.0 10.8
220 0 151.0 1.39 3228.0 8.8
221 0 649.0 1.39 2505.0 5.6
222 0 649.0 1.55 3228.0 4.8
223 0 649.0 1.39 3228.0 4.8
224 0 240.0 1.73 5.0 3.6
225 0 467.0 1.73 5.0 3.6
226 0 240.0 1.73 3728.0 4.8
227 0 240.0 1.95 5.0 4.0
228 0 240.0 1.95 3728.0 8.8
229 0 467.0 1.95 5.0 4.8
230 0 467.0 1.73 3728.0 3.6
231 0 467.0 1.95 3728.0 4.8
232 0 990.0 0.98 2005.0 3.6
233 0 68.0 0.98 2005.0 17.2
234 0 990.0 0.98 1728.0 4.8
235 0 990.0 1.2 2005.0 3.6
236 0 990.0 1.2 1728.0 3.6
237 0 68.0 1.2 2005.0 16.4
238 0 68.0 0.98 1728.0 8.8
239 0 68.0 1.2 1728.0 16.0
240 0 485.0 1.36 1005.0 4.8
241 0 941.0 1.36 1005.0 3.6
242 0 485.0 1.36 728.0 4.8
243 0 485.0 0.83 1005.0 4.8
244 0 485.0 0.83 728.0 6.8
245 0 941.0 0.83 1005.0 3.6
246 0 941.0 1.36 728.0 3.2
247 0 941.0 0.83 728.0 3.6
248 0 76.0 0.61 3005.0 8.8
249 0 228.0 0.61 3005.0 9.6
250 0 76.0 0.61 2728.0 12.4
251 0 76.0 1.58 3005.0 7.6
252 0 76.0 1.58 2728.0 7.6
253 0 228.0 1.58 3005.0 4.8
254 0 228.0 0.61 2728.0 6.8
255 0 228.0 1.58 2728.0 5.6
256 0 112.0 1.27 755.0 5.2
257 0 35.0 1.27 755.0 10.8
258 0 112.0 1.27 478.0 6.8
259 0 112.0 1.3 755.0 4.8
260 0 112.0 1.3 478.0 4.0
261 0 35.0 1.3 755.0 10.8
262 0 35.0 1.27 478.0 10.8
263 0 35.0 1.3 478.0 10.8
264 0 571.0 0.52 2755.0 5.6
265 0 396.0 0.52 2755.0 4.8
266 0 571.0 0.52 2478.0 3.6
267 0 571.0 0.55 2755.0 4.8
268 0 571.0 0.55 2478.0 4.8
269 0 396.0 0.55 2755.0 6.8
270 0 396.0 0.52 2478.0 6.8
271 0 396.0 0.55 2478.0 5.6
272 0 1278.0 1.64 1755.0 3.6
273 0 183.0 1.64 1755.0 5.6
274 0 1278.0 1.64 3478.0 3.6
275 0 1278.0 0.92 1755.0 4.8
276 0 1278.0 0.92 3478.0 3.6
277 0 183.0 0.92 1755.0 5.6
278 0 183.0 1.64 3478.0 28.79999999999996
279 0 183.0 0.92 3478.0 4.8
280 0 290.0 0.89 3755.0 4.8
281 0 774.0 0.89 3755.0 3.6
282 0 290.0 0.89 1478.0 6.8
283 0 290.0 1.67 3755.0 7.6
284 0 290.0 1.67 1478.0 4.8
285 0 774.0 1.67 3755.0 3.6
286 0 774.0 0.89 1478.0 4.8
287 0 774.0 1.67 1478.0 4.8
288 0 193.0 0.7 1255.0 5.6
289 0 1194.0 0.7 1255.0 3.6
290 0 193.0 0.7 1978.0 4.8
291 0 193.0 1.49 1255.0 4.8
292 0 193.0 1.49 1978.0 12.4
293 0 1194.0 1.49 1255.0 5.6
294 0 1194.0 0.7 1978.0 5.6
295 0 1194.0 1.49 1978.0 5.2
296 0 808.0 1.45 3255.0 3.6
297 0 278.0 1.45 3255.0 17.6
298 0 808.0 1.45 3978.0 4.8
299 0 808.0 0.74 3255.0 4.8
300 0 808.0 0.74 3978.0 4.8
301 0 278.0 0.74 3255.0 4.8
302 0 278.0 1.45 3978.0 4.8
303 0 278.0 0.74 3978.0 4.8
304 0 411.0 1.08 255.0 4.8
305 0 550.0 1.08 255.0 5.6
306 0 411.0 1.08 2978.0 4.8
307 0 411.0 1.11 255.0 3.6
308 0 411.0 1.11 2978.0 5.6
309 0 550.0 1.11 255.0 4.8
310 0 550.0 1.08 2978.0 3.6
311 0 550.0 1.11 2978.0 4.8
312 0 42.0 1.83 2255.0 15.6
313 0 103.0 1.83 2255.0 10.4
314 0 42.0 1.83 978.0 9.6
315 0 42.0 1.86 2255.0 6.4
316 0 42.0 1.86 978.0 9.6
317 0 103.0 1.86 2255.0 6.8
318 0 103.0 1.83 978.0 12.8
319 0 103.0 1.86 978.0 7.2
320 0 59.0 0.56 380.0 15.6
321 0 850.0 0.56 380.0 4.8
322 0 59.0 0.56 3103.0 15.6
323 0 59.0 0.69 380.0 15.6
324 0 59.0 0.69 3103.0 15.6
325 0 850.0 0.69 380.0 3.6
326 0 850.0 0.56 3103.0 4.8
327 0 850.0 0.69 3103.0 4.8
328 0 447.0 1.31 2380.0 5.6
329 0 205.0 1.31 2380.0 5.6
330 0 447.0 1.31 1103.0 4.8
331 0 447.0 1.44 2380.0 3.6
332 0 447.0 1.44 1103.0 8.8
333 0 205.0 1.44 2380.0 4.8
334 0 205.0 1.31 1103.0 6.8
335 0 205.0 1.44 1103.0 10.4
336 0 891.0 0.94 1380.0 4.8
337 0 430.0 0.94 1380.0 4.8
338 0 891.0 0.94 103.0 3.6
339 0 891.0 1.81 1380.0 4.8
340 0 891.0 1.81 103.0 4.8
341 0 430.0 1.81 1380.0 4.8
342 0 430.0 0.94 103.0 4.8
343 0 430.0 1.81 103.0 4.8
344 0 216.0 1.69 3380.0 3.6
345 0 51.0 1.69 3380.0 13.6
346 0 216.0 1.69 2103.0 8.4
347 0 216.0 1.06 3380.0 6.8
348 0 216.0 1.06 2103.0 3.6
349 0 51.0 1.06 3380.0 14.0
350 0 51.0 1.69 2103.0 13.6
351 0 51.0 1.06 2103.0 13.2
352 0 318.0 1.5 1880.0 7.6
353 0 122.0 1.5 1880.0 12.8
354 0 318.0 1.5 2603.0 7.6
355 0 318.0 0.5 1880.0 5.6
356 0 318.0 0.5 2603.0 5.6
357 0 122.0 0.5 1880.0 12.8
358 0 122.0 1.5 2603.0 12.8
359 0 122.0 0.5 2603.0 7.6
360 0 1525.0 0.75 3880.0 3.6
361 0 597.0 0.75 3880.0 5.6
362 0 1525.0 0.75 603.0 2.8
363 0 1525.0 1.25 3880.0 4.8
364 0 1525.0 1.25 603.0 3.6
365 0 597.0 1.25 3880.0 4.8
366 0 597.0 0.75 603.0 5.6
367 0 597.0 1.25 603.0 4.8
368 0 621.0 1.87 880.0 4.8
369 0 305.0 1.87 880.0 4.8
370 0 621.0 1.87 1603.0 3.6
371 0 621.0 1.63 880.0 4.8
372 0 621.0 1.63 1603.0 4.8
373 0 305.0 1.63 880.0 6.0
374 0 305.0 1.87 1603.0 4.8
375 0 305.0 1.63 1603.0 4.8
376 0 131.0 1.12 2880.0 11.6
377 0 1394.0 1.12 2880.0 3.6
378 0 131.0 1.12 3603.0 24.0
379 0 131.0 0.88 2880.0 33.5999999999999
380 0 131.0 0.88 3603.0 30.0
381 0 1394.0 0.88 2880.0 3.6
382 0 1394.0 1.12 3603.0 4.0
383 0 1394.0 0.88 3603.0 4.0
384 0 94.0 1.97 1130.0 7.2
385 0 506.0 1.97 1130.0 4.8
386 0 94.0 1.97 1353.0 14.8
387 0 94.0 1.16 1130.0 5.6
388 0 94.0 1.16 1353.0 5.2
389 0 506.0 1.16 1130.0 4.8
390 0 506.0 1.97 1353.0 4.8
391 0 506.0 1.16 1353.0 4.8
392 0 526.0 1.22 3130.0 3.6
393 0 85.0 1.22 3130.0 24.4
394 0 526.0 1.22 3353.0 4.8
395 0 526.0 1.91 3130.0 4.8
396 0 526.0 1.91 3353.0 5.6
397 0 85.0 1.91 3130.0 14.4
398 0 85.0 1.22 3353.0 23.6
399 0 85.0 1.91 3353.0 16.0
400 0 1113.0 1.59 130.0 4.8
401 0 1051.0 1.59 130.0 4.8
402 0 1113.0 1.59 2353.0 5.6
403 0 1113.0 1.53 130.0 4.4
404 0 1113.0 1.53 2353.0 3.6
405 0 1051.0 1.53 130.0 4.8
406 0 1051.0 1.59 2353.0 3.6
407 0 1051.0 1.53 2353.0 3.6
408 0 264.0 0.84 2130.0 5.6
409 0 253.0 0.84 2130.0 5.6
410 0 264.0 0.84 353.0 2.8
411 0 264.0 0.78 2130.0 3.6
412 0 264.0 0.78 353.0 5.6
413 0 253.0 0.78 2130.0 4.8
414 0 253.0 0.84 353.0 3.6
415 0 253.0 0.78 353.0 3.6
416 0 172.0 1.03 630.0 5.2
417 0 162.0 1.03 630.0 6.4
418 0 172.0 1.03 853.0 7.2
419 0 172.0 0.97 630.0 5.6
420 0 172.0 0.97 853.0 10.4
421 0 162.0 0.97 630.0 5.6
422 0 162.0 1.03 853.0 5.6
423 0 162.0 0.97 853.0 6.4
424 0 738.0 1.78 2630.0 5.6
425 0 708.0 1.78 2630.0 3.6
426 0 738.0 1.78 2853.0 3.6
427 0 738.0 1.72 2630.0 3.6
428 0 738.0 1.72 2853.0 4.8
429 0 708.0 1.72 2630.0 3.6
430 0 708.0 1.78 2853.0 4.8
431 0 708.0 1.72 2853.0 3.6
432 0 378.0 0.66 1630.0 4.8
433 0 19.0 0.66 1630.0 10.8
434 0 378.0 0.66 3853.0 6.8
435 0 378.0 1.34 1630.0 6.0
436 0 378.0 1.34 3853.0 4.8
437 0 19.0 1.34 1630.0 10.8
438 0 19.0 0.66 3853.0 11.6
439 0 19.0 1.34 3853.0 10.8
440 0 26.0 1.41 3630.0 14.0
441 0 363.0 1.41 3630.0 5.6
442 0 26.0 1.41 1853.0 11.6
443 0 26.0 0.59 3630.0 6.4
444 0 26.0 0.59 1853.0 11.6
445 0 363.0 0.59 3630.0 5.6
446 0 363.0 1.41 1853.0 3.6
447 0 363.0 0.59 1853.0 6.8
448 0 34.0 1.66 568.0 15.6
449 0 1284.0 1.66 568.0 4.8
450 0 34.0 1.66 2666.0 15.6
451 0 34.0 0.81 568.0 15.6
452 0 34.0 0.81 2666.0 15.2
453 0 1284.0 0.81 568.0 3.6
454 0 1284.0 1.66 2666.0 5.6
455 0 1284.0 0.81 2666.0 4.8
456 0 394.0 0.91 2568.0 4.8
457 0 291.0 0.91 2568.0 4.8
458 0 394.0 0.91 666.0 4.8
459 0 394.0 1.56 2568.0 3.6
460 0 394.0 1.56 666.0 6.8
461 0 291.0 1.56 2568.0 15.6
462 0 291.0 0.91 666.0 4.8
463 0 291.0 1.56 666.0 5.6
464 0 772.0 1.29 1568.0 4.8
465 0 573.0 1.29 1568.0 5.6
466 0 772.0 1.29 1666.0 4.8
467 0 772.0 1.93 1568.0 2.8
468 0 772.0 1.93 1666.0 4.8
469 0 573.0 1.93 1568.0 4.8
470 0 573.0 1.29 1666.0 4.8
471 0 573.0 1.93 1666.0 4.8
472 0 182.0 0.54 3568.0 7.6
473 0 113.0 0.54 3568.0 10.8
474 0 182.0 0.54 3666.0 4.8
475 0 182.0 1.18 3568.0 16.8
476 0 182.0 1.18 3666.0 7.2
477 0 113.0 1.18 3568.0 9.6
478 0 113.0 0.54 3666.0 8.0
479 0 113.0 1.18 3666.0 10.8
480 0 277.0 1.1 1068.0 4.8
481 0 43.0 1.1 1068.0 8.8
482 0 277.0 1.1 3166.0 8.8
483 0 277.0 0.62 1068.0 5.6
484 0 277.0 0.62 3166.0 5.6
485 0 43.0 0.62 1068.0 8.8
486 0 43.0 1.1 3166.0 15.2
487 0 43.0 0.62 3166.0 16.8
488 0 1189.0 1.85 3068.0 3.6
489 0 412.0 1.85 3068.0 4.8
490 0 1189.0 1.85 1166.0 4.8
491 0 1189.0 1.37 3068.0 3.6
492 0 1189.0 1.37 1166.0 4.8
493 0 412.0 1.37 3068.0 4.8
494 0 412.0 1.85 1166.0 4.8
495 0 412.0 1.37 1166.0 3.6
496 0 548.0 0.73 68.0 3.6
497 0 194.0 0.73 68.0 2.8
498 0 548.0 0.73 166.0 3.6
499 0 548.0 1.74 68.0 3.6
500 0 548.0 1.74 166.0 5.6
501 0 194.0 1.74 68.0 4.8
502 0 194.0 0.73 166.0 2.8
503 0 194.0 1.74 166.0 4.8
504 0 103.0 1.48 2068.0 7.6
505 0 811.0 1.48 2068.0 4.8
506 0 103.0 1.48 2166.0 20.4
507 0 103.0 0.99 2068.0 6.8
508 0 103.0 0.99 2166.0 7.6
509 0 811.0 0.99 2068.0 4.8
510 0 811.0 1.48 2166.0 3.6
511 0 811.0 0.99 2166.0 6.8
512 0 141.0 0.82 1818.0 9.6
513 0 348.0 0.82 1818.0 9.6
514 0 141.0 0.82 916.0 11.2
515 0 141.0 1.09 1818.0 14.4
516 0 141.0 1.09 916.0 6.0
517 0 348.0 1.09 1818.0 5.6
518 0 348.0 0.82 916.0 4.8
519 0 348.0 1.09 916.0 4.8
520 0 648.0 1.57 3818.0 4.8
521 0 11.0 1.57 3818.0 14.8
522 0 648.0 1.57 2916.0 6.8
523 0 648.0 1.84 3818.0 4.8
524 0 648.0 1.84 2916.0 4.8
525 0 11.0 1.84 3818.0 14.8
526 0 11.0 1.57 2916.0 14.8
527 0 11.0 1.84 2916.0 14.8
528 0 1719.0 1.2 818.0 4.8
529 0 678.0 1.2 818.0 4.0
530 0 1719.0 1.2 3916.0 4.0
531 0 1719.0 1.46 818.0 2.8
532 0 1719.0 1.46 3916.0 3.6
533 0 678.0 1.46 818.0 5.6
534 0 678.0 1.2 3916.0 4.8
535 0 678.0 1.46 3916.0 2.8
536 0 332.0 1.95 2818.0 3.6
537 0 152.0 1.95 2818.0 13.2
538 0 332.0 1.95 1916.0 6.8
539 0 332.0 0.71 2818.0 5.6
540 0 332.0 0.71 1916.0 6.8
541 0 152.0 0.71 2818.0 8.4
542 0 152.0 1.95 1916.0 8.8
543 0 152.0 0.71 1916.0 8.4
544 0 228.0 1.38 318.0 4.8
545 0 240.0 1.38 318.0 3.6
546 0 228.0 1.38 1416.0 4.8
547 0 228.0 0.9 318.0 4.8
548 0 228.0 0.9 1416.0 8.0
549 0 240.0 0.9 318.0 4.8
550 0 240.0 1.38 1416.0 6.4
551 0 240.0 0.9 1416.0 5.6
552 0 938.0 0.63 2318.0 5.6
553 0 993.0 0.63 2318.0 3.6
554 0 938.0 0.63 3416.0 3.6
555 0 938.0 1.65 2318.0 5.6
556 0 938.0 1.65 3416.0 4.8
557 0 993.0 1.65 2318.0 4.8
558 0 993.0 0.63 3416.0 3.6
559 0 993.0 1.65 3416.0 3.6
560 0 465.0 1.76 1318.0 3.6
561 0 76.0 1.76 1318.0 7.6
562 0 465.0 1.76 2416.0 4.8
563 0 465.0 1.27 1318.0 3.6
564 0 465.0 1.27 2416.0 4.8
565 0 76.0 1.27 1318.0 7.6
566 0 76.0 1.76 2416.0 7.2
567 0 76.0 1.27 2416.0 7.6
568 0 67.0 1.01 3318.0 10.8
569 0 486.0 1.01 3318.0 4.8
570 0 67.0 1.01 416.0 4.8
571 0 67.0 0.52 3318.0 10.0
572 0 67.0 0.52 416.0 4.8
573 0 486.0 0.52 3318.0 4.8
574 0 486.0 1.01 416.0 4.8
575 0 486.0 0.52 416.0 4.4
576 0 50.0 1.62 1443.0 4.8
577 0 217.0 1.62 1443.0 4.8
578 0 50.0 1.62 3541.0 5.6
579 0 50.0 1.7 1443.0 4.8
580 0 50.0 1.7 3541.0 8.4
581 0 217.0 1.7 1443.0 10.8
582 0 217.0 1.62 3541.0 7.6
583 0 217.0 1.7 3541.0 9.2
584 0 429.0 0.87 3443.0 4.8
585 0 894.0 0.87 3443.0 4.0
586 0 429.0 0.87 1541.0 5.6
587 0 429.0 0.95 3443.0 3.6
588 0 429.0 0.95 1541.0 5.6
589 0 894.0 0.95 3443.0 4.8
590 0 894.0 0.87 1541.0 3.6
591 0 894.0 0.95 1541.0 4.8
592 0 848.0 1.99 443.0 4.8
593 0 59.0 1.99 443.0 15.6
594 0 848.0 1.99 541.0 4.8
595 0 848.0 0.57 443.0 4.8
596 0 848.0 0.57 541.0 4.8
597 0 59.0 0.57 443.0 15.6
598 0 59.0 1.99 541.0 15.6
599 0 59.0 0.57 541.0 15.2
600 0 204.0 1.24 2443.0 4.8
601 0 448.0 1.24 2443.0 4.8
602 0 204.0 1.24 2541.0 3.6
603 0 204.0 1.32 2443.0 7.6
604 0 204.0 1.32 2541.0 7.6
605 0 448.0 1.32 2443.0 4.8
606 0 448.0 1.24 2541.0 4.8
607 0 448.0 1.32 2541.0 6.8
608 0 304.0 0.68 943.0 4.8
609 0 622.0 0.68 943.0 4.8
610 0 304.0 0.68 2041.0 5.6
611 0 304.0 1.88 943.0 3.6
612 0 304.0 1.88 2041.0 4.8
613 0 622.0 1.88 943.0 5.6
614 0 622.0 0.68 2041.0 6.8
615 0 622.0 1.88 2041.0 5.6
616 0 1386.0 1.43 2943.0 3.6
617 0 132.0 1.43 2943.0 5.6
618 0 1386.0 1.43 41.0 3.6
619 0 1386.0 1.13 2943.0 4.8
620 0 1386.0 1.13 41.0 4.8
621 0 132.0 1.13 2943.0 14.4
622 0 132.0 1.43 41.0 5.6
623 0 132.0 1.13 41.0 5.6
624 0 595.0 1.05 1943.0 4.8
625 0 1535.0 1.05 1943.0 4.8
626 0 595.0 1.05 1041.0 4.4
627 0 595.0 0.76 1943.0 5.6
628 0 595.0 0.76 1041.0 4.8
629 0 1535.0 0.76 1943.0 2.8
630 0 1535.0 1.05 1041.0 4.8
631 0 1535.0 0.76 1041.0 2.8
632 0 122.0 1.8 3943.0 53.599999999999895
633 0 319.0 1.8 3943.0 5.6
634 0 122.0 1.8 3041.0 12.8
635 0 122.0 1.51 3943.0 45.599999999999895
636 0 122.0 1.51 3041.0 12.8
637 0 319.0 1.51 3943.0 11.6
638 0 319.0 1.8 3041.0 14.0
639 0 319.0 1.51 3041.0 5.6
640 0 85.0 0.96 193.0 3.6
641 0 94.0 0.96 193.0 5.6
642 0 85.0 0.96 1791.0 14.8
643 0 85.0 1.41 193.0 4.8
644 0 85.0 1.41 1791.0 14.8
645 0 94.0 1.41 193.0 5.6
646 0 94.0 0.96 1791.0 9.2
647 0 94.0 1.41 1791.0 14.8
648 0 505.0 1.71 2193.0 3.6
649 0 528.0 1.71 2193.0 4.8
650 0 505.0 1.71 3791.0 3.6
651 0 505.0 0.66 2193.0 4.8
652 0 505.0 0.66 3791.0 4.8
653 0 528.0 0.66 2193.0 4.8
654 0 528.0 1.71 3791.0 4.8
655 0 528.0 0.66 3791.0 4.8
656 0 1048.0 0.59 1193.0 4.0
657 0 265.0 0.59 1193.0 5.6
658 0 1048.0 0.59 2791.0 3.6
659 0 1048.0 1.04 1193.0 4.0
660 0 1048.0 1.04 2791.0 4.8
661 0 265.0 1.04 1193.0 4.8
662 0 265.0 0.59 2791.0 12.8
663 0 265.0 1.04 2791.0 9.6
664 0 252.0 1.34 3193.0 6.8
665 0 1117.0 1.34 3193.0 4.8
666 0 252.0 1.34 791.0 5.6
667 0 252.0 1.79 3193.0 3.6
668 0 252.0 1.79 791.0 4.8
669 0 1117.0 1.79 3193.0 3.6
670 0 1117.0 1.34 791.0 5.6
671 0 1117.0 1.79 791.0 3.6
672 0 161.0 1.9 1693.0 5.6
673 0 740.0 1.9 1693.0 3.6
674 0 161.0 1.9 291.0 8.8
675 0 161.0 1.6 1693.0 6.0
676 0 161.0 1.6 291.0 6.0
677 0 740.0 1.6 1693.0 4.8
678 0 740.0 1.9 291.0 4.8
679 0 740.0 1.6 291.0 3.6
680 0 706.0 1.15 3693.0 4.8
681 0 172.0 1.15 3693.0 37.1999999999999
682 0 706.0 1.15 2291.0 4.8
683 0 706.0 0.85 3693.0 4.8
684 0 706.0 0.85 2291.0 4.8
685 0 172.0 0.85 3693.0 21.2
686 0 172.0 1.15 2291.0 11.6
687 0 172.0 0.85 2291.0 8.8
688 0 362.0 1.52 693.0 3.6
689 0 379.0 1.52 693.0 6.8
690 0 362.0 1.52 3291.0 5.6
691 0 362.0 1.23 693.0 5.6
692 0 362.0 1.23 3291.0 5.6
693 0 379.0 1.23 693.0 4.8
694 0 379.0 1.52 3291.0 3.6
695 0 379.0 1.23 3291.0 5.6
696 0 18.0 0.77 2693.0 7.2
697 0 27.0 0.77 2693.0 22.4
698 0 18.0 0.77 1291.0 3.6
699 0 18.0 1.98 2693.0 6.0
700 0 18.0 1.98 1291.0 4.8
701 0 27.0 1.98 2693.0 13.2
702 0 27.0 0.77 1291.0 7.6
703 0 27.0 1.98 1291.0 7.6
704 0 22.0 1.44 99.0 2.8
705 0 538.0 1.44 99.0 4.8
706 0 22.0 1.44 634.0 3.6
707 0 22.0 1.5 99.0 2.8
708 0 22.0 1.5 634.0 3.6
709 0 538.0 1.5 99.0 4.8
710 0 538.0 1.44 634.0 5.6
711 0 538.0 1.5 634.0 3.6
712 0 370.0 0.69 2099.0 4.8
713 0 99.0 0.69 2099.0 14.0
714 0 370.0 0.69 2634.0 5.6
715 0 370.0 0.75 2099.0 4.8
716 0 370.0 0.75 2634.0 4.8
717 0 99.0 0.75 2099.0 8.8
718 0 99.0 0.69 2634.0 14.4
719 0 99.0 0.75 2634.0 9.6
720 0 721.0 1.82 1099.0 4.8
721 0 1154.0 1.82 1099.0 4.0
722 0 721.0 1.82 3634.0 4.8
723 0 721.0 1.12 1099.0 4.8
724 0 721.0 1.12 3634.0 4.8
725 0 1154.0 1.12 1099.0 4.8
726 0 1154.0 1.82 3634.0 3.6
727 0 1154.0 1.12 3634.0 4.8
728 0 166.0 1.07 3099.0 9.6
729 0 272.0 1.07 3099.0 4.8
730 0 166.0 1.07 1634.0 9.2
731 0 166.0 1.87 3099.0 5.6
732 0 166.0 1.87 1634.0 3.6
733 0 272.0 1.87 3099.0 5.6
734 0 272.0 1.07 1634.0 4.8
735 0 272.0 1.87 1634.0 7.2
736 0 258.0 0.5 1599.0 6.8
737 0 178.0 0.5 1599.0 5.6
738 0 258.0 0.5 1134.0 7.6
739 0 258.0 1.31 1599.0 4.8
740 0 258.0 1.31 1134.0 4.8
741 0 178.0 1.31 1599.0 6.8
742 0 178.0 0.5 1134.0 5.6
743 0 178.0 1.31 1134.0 5.6
744 0 1079.0 1.25 3599.0 3.6
745 0 757.0 1.25 3599.0 3.6
746 0 1079.0 1.25 3134.0 4.8
747 0 1079.0 0.56 3599.0 4.8
748 0 1079.0 0.56 3134.0 3.6
749 0 757.0 0.56 3599.0 4.8
750 0 757.0 1.25 3134.0 4.8
751 0 757.0 0.56 3134.0 4.8
752 0 516.0 0.88 599.0 4.8
753 0 31.0 0.88 599.0 14.8
754 0 516.0 0.88 2134.0 4.8
755 0 516.0 0.93 599.0 5.6
756 0 516.0 0.93 2134.0 3.6
757 0 31.0 0.93 599.0 14.8
758 0 31.0 0.88 2134.0 14.8
759 0 31.0 0.93 2134.0 14.8
760 0 89.0 1.63 2599.0 8.8
761 0 387.0 1.63 2599.0 4.8
762 0 89.0 1.63 134.0 2.8
763 0 89.0 1.68 2599.0 11.6
764 0 89.0 1.68 134.0 2.8
765 0 387.0 1.68 2599.0 3.6
766 0 387.0 1.63 134.0 4.8
767 0 387.0 1.68 134.0 3.6
768 0 126.0 0.97 1349.0 14.4
769 0 917.0 0.97 1349.0 3.6
770 0 126.0 0.97 2884.0 2.8
771 0 126.0 1.97 1349.0 21.6
772 0 126.0 1.97 2884.0 10.0
773 0 917.0 1.97 1349.0 4.8
774 0 917.0 0.97 2884.0 4.8
775 0 917.0 1.97 2884.0 4.8
776 0 608.0 1.72 3349.0 5.6
777 0 222.0 1.72 3349.0 3.6
778 0 608.0 1.72 884.0 4.8
779 0 608.0 1.22 3349.0 4.8
780 0 608.0 1.22 884.0 4.8
781 0 222.0 1.22 3349.0 8.8
782 0 222.0 1.72 884.0 6.4
783 0 222.0 1.22 884.0 5.6
784 0 1451.0 0.6 349.0 3.6
785 0 457.0 0.6 349.0 2.8
786 0 1451.0 0.6 1884.0 3.6
787 0 1451.0 0.84 349.0 2.8
788 0 1451.0 0.84 1884.0 4.8
789 0 457.0 0.84 349.0 4.8
790 0 457.0 0.6 1884.0 3.6
791 0 457.0 0.84 1884.0 5.6
792 0 311.0 1.35 2349.0 4.8
793 0 64.0 1.35 2349.0 11.2
794 0 311.0 1.35 3884.0 7.6
795 0 311.0 1.59 2349.0 6.8
796 0 311.0 1.59 3884.0 3.6
797 0 64.0 1.59 2349.0 12.4
798 0 64.0 1.35 3884.0 22.0
799 0 64.0 1.59 3884.0 9.2
800 0 210.0 1.91 849.0 9.2
801 0 137.0 1.91 849.0 9.2
802 0 210.0 1.91 3384.0 8.8
803 0 210.0 1.78 849.0 8.8
804 0 210.0 1.78 3384.0 8.8
805 0 137.0 1.78 849.0 7.2
806 0 137.0 1.91 3384.0 33.1999999999999
807 0 137.0 1.78 3384.0 22.8
808 0 869.0 1.16 2849.0 3.6
809 0 636.0 1.16 2849.0 3.6
810 0 869.0 1.16 1384.0 4.8
811 0 869.0 1.03 2849.0 3.6
812 0 869.0 1.03 1384.0 3.6
813 0 636.0 1.03 2849.0 5.6
814 0 636.0 1.16 1384.0 4.8
815 0 636.0 1.03 1384.0 5.6
816 0 438.0 1.53 1849.0 6.8
817 0 326.0 1.53 1849.0 4.8
818 0 438.0 1.53 384.0 4.8
819 0 438.0 0.65 1849.0 6.0
820 0 438.0 0.65 384.0 4.8
821 0 326.0 0.65 1849.0 4.8
822 0 326.0 1.53 384.0 6.0
823 0 326.0 0.65 384.0 4.8
824 0 55.0 0.78 3849.0 11.2
825 0 1625.0 0.78 3849.0 3.6
826 0 55.0 0.78 2384.0 9.6
827 0 55.0 1.4 3849.0 16.4
828 0 55.0 1.4 2384.0 10.0
829 0 1625.0 1.4 3849.0 4.8
830 0 1625.0 0.78 2384.0 6.0
831 0 1625.0 1.4 2384.0 4.8
832 0 72.0 1.77 1974.0 20.8
833 0 15.0 1.77 1974.0 4.8
834 0 72.0 1.77 1509.0 14.4
835 0 72.0 0.98 1974.0 8.8
836 0 72.0 0.98 1509.0 5.6
837 0 15.0 0.98 1974.0 5.6
838 0 15.0 1.77 1509.0 4.8
839 0 15.0 0.98 1509.0 6.8
840 0 475.0 1.02 3974.0 5.6
841 0 356.0 1.02 3974.0 5.6
842 0 475.0 1.02 3509.0 5.6
843 0 475.0 1.73 3974.0 5.6
844 0 475.0 1.73 3509.0 6.8
845 0 356.0 1.73 3974.0 3.6
846 0 356.0 1.02 3509.0 5.6
847 0 356.0 1.73 3509.0 5.6
848 0 963.0 1.39 974.0 5.6
849 0 157.0 1.39 974.0 9.6
850 0 963.0 1.39 2509.0 4.8
851 0 963.0 1.36 974.0 3.6
852 0 963.0 1.36 2509.0 3.6
853 0 157.0 1.36 974.0 6.8
854 0 157.0 1.39 2509.0 5.6
855 0 157.0 1.36 2509.0 5.6
856 0 234.0 0.64 2974.0 4.8
857 0 692.0 0.64 2974.0 4.8
858 0 234.0 0.64 509.0 7.2
859 0 234.0 0.61 2974.0 29.2
860 0 234.0 0.61 509.0 6.8
861 0 692.0 0.61 2974.0 4.8
862 0 692.0 0.64 509.0 4.8
863 0 692.0 0.61 509.0 5.6
864 0 340.0 1.21 474.0 3.6
865 0 1021.0 1.21 474.0 3.6
866 0 340.0 1.21 9.0 3.6
867 0 340.0 1.17 474.0 3.6
868 0 340.0 1.17 9.0 3.6
869 0 1021.0 1.17 474.0 2.8
870 0 1021.0 1.21 9.0 3.6
871 0 1021.0 1.17 9.0 3.6
872 0 1854.0 1.96 2474.0 3.6
873 0 246.0 1.96 2474.0 4.8
874 0 1854.0 1.96 2009.0 4.0
875 0 1854.0 1.92 2474.0 3.6
876 0 1854.0 1.92 2009.0 4.0
877 0 246.0 1.92 2474.0 6.8
878 0 246.0 1.96 2009.0 10.4
879 0 246.0 1.92 2009.0 8.8
880 0 661.0 0.83 1474.0 2.8
881 0 496.0 0.83 1474.0 2.8
882 0 661.0 0.83 3009.0 4.8
883 0 661.0 1.54 1474.0 4.8
884 0 661.0 1.54 3009.0 4.8
885 0 496.0 1.54 1474.0 4.8
886 0 496.0 0.83 3009.0 5.6
887 0 496.0 1.54 3009.0 4.8
888 0 146.0 1.58 3474.0 31.2
889 0 81.0 1.58 3474.0 9.2
890 0 146.0 1.58 1009.0 12.4
891 0 146.0 0.79 3474.0 13.6
892 0 146.0 0.79 1009.0 8.8
893 0 81.0 0.79 3474.0 5.6
894 0 81.0 1.58 1009.0 6.0
895 0 81.0 0.79 1009.0 5.2
896 0 107.0 0.74 724.0 4.8
897 0 298.0 0.74 724.0 5.6
898 0 107.0 0.74 3759.0 6.0
899 0 107.0 0.51 724.0 3.6
900 0 107.0 0.51 3759.0 16.0
901 0 298.0 0.51 724.0 6.8
902 0 298.0 0.74 3759.0 6.8
903 0 298.0 0.51 3759.0 5.6
904 0 560.0 1.49 2724.0 3.6
905 0 1336.0 1.49 2724.0 3.6
906 0 560.0 1.49 1759.0 5.6
907 0 560.0 1.26 2724.0 4.8
908 0 560.0 1.26 1759.0 4.8
909 0 1336.0 1.26 2724.0 4.8
910 0 1336.0 1.49 1759.0 4.8
911 0 1336.0 1.26 1759.0 3.6
912 0 1231.0 1.11 1724.0 4.8
913 0 117.0 1.11 1724.0 5.6
914 0 1231.0 1.11 759.0 3.6
915 0 1231.0 1.64 1724.0 5.6
916 0 1231.0 1.64 759.0 3.6
917 0 117.0 1.64 1724.0 6.8
918 0 117.0 1.11 759.0 5.6
919 0 117.0 1.64 759.0 7.2
920 0 284.0 1.86 3724.0 7.6
921 0 585.0 1.86 3724.0 5.6
922 0 284.0 1.86 2759.0 9.6
923 0 284.0 0.89 3724.0 7.6
924 0 284.0 0.89 2759.0 4.8
925 0 585.0 0.89 3724.0 4.8
926 0 585.0 1.86 2759.0 4.8
927 0 585.0 0.89 2759.0 5.6
928 0 188.0 1.3 1224.0 5.6
929 0 421.0 1.3 1224.0 6.8
930 0 188.0 1.3 2259.0 10.8
931 0 188.0 0.7 1224.0 6.8
932 0 188.0 0.7 2259.0 5.6
933 0 421.0 0.7 1224.0 5.6
934 0 421.0 1.3 2259.0 4.8
935 0 421.0 0.7 2259.0 3.6
936 0 790.0 0.55 3224.0 3.6
937 0 47.0 0.55 3224.0 16.0
938 0 790.0 0.55 259.0 3.6
939 0 790.0 1.45 3224.0 3.6
940 0 790.0 1.45 259.0 3.6
941 0 47.0 1.45 3224.0 21.6
942 0 47.0 0.55 259.0 11.6
943 0 47.0 1.45 259.0 11.6
944 0 403.0 1.68 224.0 5.6
945 0 830.0 1.68 224.0 4.8
946 0 403.0 1.68 1259.0 4.8
947 0 403.0 1.82 224.0 4.8
948 0 403.0 1.82 1259.0 4.8
949 0 830.0 1.82 224.0 3.6
950 0 830.0 1.68 1259.0 5.6
951 0 830.0 1.82 1259.0 4.8
952 0 38.0 0.93 2224.0 16.8
953 0 200.0 0.93 2224.0 7.6
954 0 38.0 0.93 3259.0 16.8
955 0 38.0 1.07 2224.0 16.0
956 0 38.0 1.07 3259.0 16.0
957 0 200.0 1.07 2224.0 7.6
958 0 200.0 0.93 3259.0 4.8
959 0 200.0 1.07 3259.0 6.8
960 0 30.0 0.62 1037.0 4.8
961 0 90.0 0.62 1037.0 15.2
962 0 30.0 0.62 197.0 6.8
963 0 30.0 0.91 1037.0 5.6
964 0 30.0 0.91 197.0 4.8
965 0 90.0 0.91 1037.0 10.0
966 0 90.0 0.62 197.0 5.6
967 0 90.0 0.91 197.0 3.6
968 0 386.0 1.37 3037.0 5.6
969 0 517.0 1.37 3037.0 5.6
970 0 386.0 1.37 2197.0 6.8
971 0 386.0 1.66 3037.0 4.8
972 0 386.0 1.66 2197.0 8.8
973 0 517.0 1.66 3037.0 4.8
974 0 517.0 1.37 2197.0 5.6
975 0 517.0 1.66 2197.0 5.6
976 0 754.0 1.0 37.0 3.6
977 0 259.0 1.0 37.0 2.8
978 0 754.0 1.0 3197.0 3.6
979 0 754.0 1.29 37.0 4.0
980 0 754.0 1.29 3197.0 5.6
981 0 259.0 1.29 37.0 6.8
982 0 259.0 1.0 3197.0 8.8
983 0 259.0 1.29 3197.0 7.6
984 0 177.0 1.75 2037.0 7.6
985 0 1083.0 1.75 2037.0 3.6
986 0 177.0 1.75 1197.0 12.0
987 0 177.0 0.54 2037.0 11.6
988 0 177.0 0.54 1197.0 7.6
989 0 1083.0 0.54 2037.0 3.6
990 0 1083.0 1.75 1197.0 5.6
991 0 1083.0 0.54 1197.0 3.2
992 0 271.0 1.56 537.0 2.8
993 0 723.0 1.56 537.0 4.8
994 0 271.0 1.56 1697.0 5.6
995 0 271.0 1.1 537.0 5.6
996 0 271.0 1.1 1697.0 3.6
997 0 723.0 1.1 537.0 5.6
998 0 723.0 1.56 1697.0 3.6
999 0 723.0 1.1 1697.0 4.8
1000 0 1149.0 0.81 2537.0 3.6
1001 0 167.0 0.81 2537.0 12.8
1002 0 1149.0 0.81 3697.0 3.6
1003 0 1149.0 1.85 2537.0 3.6
1004 0 1149.0 1.85 3697.0 4.8
1005 0 167.0 1.85 2537.0 14.4
1006 0 167.0 0.81 3697.0 4.8
1007 0 167.0 1.85 3697.0 10.8
1008 0 537.0 1.93 1537.0 3.6
1009 0 371.0 1.93 1537.0 5.6
1010 0 537.0 1.93 2697.0 4.8
1011 0 537.0 1.47 1537.0 5.6
1012 0 537.0 1.47 2697.0 5.6
1013 0 371.0 1.47 1537.0 5.6
1014 0 371.0 1.93 2697.0 6.8
1015 0 371.0 1.47 2697.0 5.6
1016 0 98.0 1.18 3537.0 5.6
1017 0 23.0 1.18 3537.0 6.4
1018 0 98.0 1.18 697.0 10.8
1019 0 98.0 0.72 3537.0 11.2
1020 0 98.0 0.72 697.0 4.8
1021 0 23.0 0.72 3537.0 12.0
1022 0 23.0 1.18 697.0 12.0
1023 0 23.0 0.72 697.0 12.0
1024 0 136.0 1.84 287.0 5.6
1025 0 211.0 1.84 287.0 3.6
1026 0 136.0 1.84 2447.0 6.4
1027 0 136.0 0.63 287.0 5.6
1028 0 136.0 0.63 2447.0 6.8
1029 0 211.0 0.63 287.0 7.2
1030 0 211.0 1.84 2447.0 5.6
1031 0 211.0 0.63 2447.0 5.2
1032 0 634.0 1.09 2287.0 4.8
1033 0 872.0 1.09 2287.0 4.8
1034 0 634.0 1.09 447.0 4.8
1035 0 634.0 1.38 2287.0 6.8
1036 0 634.0 1.38 447.0 4.4
1037 0 872.0 1.38 2287.0 4.8
1038 0 872.0 1.09 447.0 5.6
1039 0 872.0 1.38 447.0 2.8
1040 0 1613.0 1.46 1287.0 4.8
1041 0 55.0 1.46 1287.0 9.6
1042 0 1613.0 1.46 1447.0 3.6
1043 0 1613.0 1.75 1287.0 4.8
1044 0 1613.0 1.75 1447.0 3.6
1045 0 55.0 1.75 1287.0 9.6
1046 0 55.0 1.46 1447.0 9.6
1047 0 55.0 1.75 1447.0 9.6
1048 0 325.0 0.71 3287.0 3.6
1049 0 439.0 0.71 3287.0 4.8
1050 0 325.0 0.71 3447.0 4.8
1051 0 325.0 1.0 3287.0 5.6
1052 0 325.0 1.0 3447.0 11.6
1053 0 439.0 1.0 3287.0 7.6
1054 0 439.0 0.71 3447.0 6.8
1055 0 439.0 1.0 3447.0 5.6
1056 0 222.0 0.9 1787.0 5.6
1057 0 609.0 0.9 1787.0 3.6
1058 0 222.0 0.9 3947.0 5.6
1059 0 222.0 0.82 1787.0 7.6
1060 0 222.0 0.82 3947.0 8.8
1061 0 609.0 0.82 1787.0 4.8
1062 0 609.0 0.9 3947.0 4.8
1063 0 609.0 0.82 3947.0 4.8
1064 0 914.0 1.65 3787.0 3.6
1065 0 127.0 1.65 3787.0 5.6
1066 0 914.0 1.65 1947.0 3.6
1067 0 914.0 1.57 3787.0 2.8
1068 0 914.0 1.57 1947.0 4.8
1069 0 127.0 1.57 3787.0 5.6
1070 0 127.0 1.65 1947.0 24.4
1071 0 127.0 1.57 1947.0 7.6
1072 0 456.0 0.53 787.0 6.8
1073 0 1460.0 0.53 787.0 3.6
1074 0 456.0 0.53 947.0 4.8
1075 0 456.0 1.94 787.0 4.8
1076 0 456.0 1.94 947.0 5.6
1077 0 1460.0 1.94 787.0 3.6
1078 0 1460.0 0.53 947.0 5.6
1079 0 1460.0 1.94 947.0 3.6
1080 0 63.0 1.28 2787.0 10.0
1081 0 312.0 1.28 2787.0 7.6
1082 0 63.0 1.28 2947.0 8.8
1083 0 63.0 1.19 2787.0 9.2
1084 0 63.0 1.19 2947.0 7.6
1085 0 312.0 1.19 2787.0 14.8
1086 0 312.0 1.28 2947.0 3.6
1087 0 312.0 1.19 2947.0 4.8
1088 0 46.0 1.14 912.0 5.6
1089 0 404.0 1.14 912.0 5.6
1090 0 46.0 1.14 1072.0 5.6
1091 0 46.0 1.61 912.0 5.6
1092 0 46.0 1.61 1072.0 5.6
1093 0 404.0 1.61 912.0 5.6
1094 0 404.0 1.14 1072.0 3.6
1095 0 404.0 1.61 1072.0 5.6
1096 0 420.0 1.89 2912.0 6.8
1097 0 39.0 1.89 2912.0 7.6
1098 0 420.0 1.89 3072.0 5.6
1099 0 420.0 0.86 2912.0 7.6
1100 0 420.0 0.86 3072.0 3.6
1101 0 39.0 0.86 2912.0 7.6
1102 0 39.0 1.89 3072.0 7.6
1103 0 39.0 0.86 3072.0 7.6
1104 0 828.0 0.76 1912.0 4.8
1105 0 792.0 0.76 1912.0 3.6
1106 0 828.0 0.76 2072.0 4.8
1107 0 828.0 1.24 1912.0 3.6
1108 0 828.0 1.24 2072.0 5.6
1109 0 792.0 1.24 1912.0 4.8
1110 0 792.0 0.76 2072.0 3.6
1111 0 792.0 1.24 2072.0 4.0
1112 0 199.0 1.51 3912.0 6.8
1113 0 189.0 1.51 3912.0 15.2
1114 0 199.0 1.51 72.0 3.6
1115 0 199.0 1.99 3912.0 24.4
1116 0 199.0 1.99 72.0 2.8
1117 0 189.0 1.99 3912.0 9.6
1118 0 189.0 1.51 72.0 3.6
1119 0 189.0 1.99 72.0 5.6
1120 0 297.0 1.7 1412.0 5.6
1121 0 285.0 1.7 1412.0 8.8
1122 0 297.0 1.7 572.0 6.4
1123 0 297.0 1.43 1412.0 6.8
1124 0 297.0 1.43 572.0 5.6
1125 0 285.0 1.43 1412.0 3.6
1126 0 285.0 1.7 572.0 3.6
1127 0 285.0 1.43 572.0 6.8
1128 0 1329.0 0.95 3412.0 4.8
1129 0 1237.0 0.95 3412.0 3.6
1130 0 1329.0 0.95 2572.0 5.6
1131 0 1329.0 0.68 3412.0 4.0
1132 0 1329.0 0.68 2572.0 4.8
1133 0 1237.0 0.68 3412.0 4.8
1134 0 1237.0 0.95 2572.0 3.6
1135 0 1237.0 0.68 2572.0 3.6
1136 0 583.0 1.32 412.0 4.8
1137 0 108.0 1.32 412.0 3.6
1138 0 583.0 1.32 3572.0 4.8
1139 0 583.0 1.05 412.0 4.8
1140 0 583.0 1.05 3572.0 3.6
1141 0 108.0 1.05 412.0 4.0
1142 0 108.0 1.32 3572.0 14.4
1143 0 108.0 1.05 3572.0 14.8
1144 0 117.0 0.57 2412.0 9.6
1145 0 561.0 0.57 2412.0 4.8
1146 0 117.0 0.57 1572.0 9.2
1147 0 117.0 1.8 2412.0 9.6
1148 0 117.0 1.8 1572.0 9.2
1149 0 561.0 1.8 2412.0 3.6
1150 0 561.0 0.57 1572.0 4.8
1151 0 561.0 1.8 1572.0 4.8
1152 0 80.0 1.42 1662.0 15.2
1153 0 1874.0 1.42 1662.0 4.8
1154 0 80.0 1.42 3322.0 6.8
1155 0 80.0 1.9 1662.0 8.0
1156 0 80.0 1.9 3322.0 5.6
1157 0 1874.0 1.9 1662.0 3.6
1158 0 1874.0 1.42 3322.0 4.8
1159 0 1874.0 1.9 3322.0 4.8
1160 0 495.0 0.67 3662.0 5.6
1161 0 341.0 0.67 3662.0 4.8
1162 0 495.0 0.67 1322.0 3.6
1163 0 495.0 1.15 3662.0 3.6
1164 0 495.0 1.15 1322.0 5.6
1165 0 341.0 1.15 3662.0 6.8
1166 0 341.0 0.67 1322.0 5.6
1167 0 341.0 1.15 1322.0 3.6
1168 0 1018.0 1.79 662.0 3.6
1169 0 663.0 1.79 662.0 3.6
1170 0 1018.0 1.79 322.0 3.6
1171 0 1018.0 0.77 662.0 2.8
1172 0 1018.0 0.77 322.0 4.8
1173 0 663.0 0.77 662.0 4.8
1174 0 663.0 1.79 322.0 6.8
1175 0 663.0 0.77 322.0 4.8
1176 0 246.0 1.04 2662.0 4.8
1177 0 147.0 1.04 2662.0 7.2
1178 0 246.0 1.04 2322.0 8.8
1179 0 246.0 1.52 2662.0 3.6
1180 0 246.0 1.52 2322.0 7.6
1181 0 147.0 1.52 2662.0 6.8
1182 0 147.0 1.04 2322.0 6.8
1183 0 147.0 1.52 2322.0 7.2
1184 0 156.0 0.86 162.0 6.8
1185 0 72.0 0.86 162.0 5.6
1186 0 156.0 0.86 2822.0 6.8
1187 0 156.0 1.71 162.0 4.8
1188 0 156.0 1.71 2822.0 4.8
1189 0 72.0 1.71 162.0 5.6
1190 0 72.0 0.86 2822.0 15.2
1191 0 72.0 1.71 2822.0 4.8
1192 0 691.0 1.61 2162.0 5.6
1193 0 476.0 1.61 2162.0 4.8
1194 0 691.0 1.61 822.0 3.6
1195 0 691.0 0.96 2162.0 5.6
1196 0 691.0 0.96 822.0 2.8
1197 0 476.0 0.96 2162.0 6.8
1198 0 476.0 1.61 822.0 5.6
1199 0 476.0 0.96 822.0 4.8
1200 0 355.0 1.23 1162.0 4.8
1201 0 234.0 1.23 1162.0 5.6
1202 0 355.0 1.23 1822.0 4.8
1203 0 355.0 0.58 1162.0 5.6
1204 0 355.0 0.58 1822.0 5.6
1205 0 234.0 0.58 1162.0 8.8
1206 0 234.0 1.23 1822.0 8.8
1207 0 234.0 0.58 1822.0 13.2
1208 0 15.0 1.98 3162.0 6.0
1209 0 966.0 1.98 3162.0 4.8
1210 0 15.0 1.98 3822.0 6.0
1211 0 15.0 1.33 3162.0 5.6
1212 0 15.0 1.33 3822.0 7.6
1213 0 966.0 1.33 3162.0 3.6
1214 0 966.0 1.98 3822.0 3.6
1215 0 966.0 1.33 3822.0 4.8
1216 0 16.0 0.84 833.0 14.8
1217 0 186.0 0.84 833.0 9.2
1218 0 16.0 0.84 1650.0 14.8
1219 0 16.0 1.19 833.0 14.8
1220 0 16.0 1.19 1650.0 14.8
1221 0 186.0 1.19 833.0 5.2
1222 0 186.0 0.84 1650.0 6.0
1223 0 186.0 1.19 1650.0 6.8
1224 0 359.0 1.59 2833.0 5.6
1225 0 783.0 1.59 2833.0 4.8
1226 0 359.0 1.59 3650.0 5.6
1227 0 359.0 1.94 2833.0 9.6
1228 0 359.0 1.94 3650.0 4.8
1229 0 783.0 1.94 2833.0 4.8
1230 0 783.0 1.59 3650.0 4.8
1231 0 783.0 1.94 3650.0 4.8
1232 0 698.0 1.21 1833.0 4.8
1233 0 37.0 1.21 1833.0 4.8
1234 0 698.0 1.21 2650.0 4.8
1235 0 698.0 1.56 1833.0 4.8
1236 0 698.0 1.56 2650.0 4.8
1237 0 37.0 1.56 1833.0 4.8
1238 0 37.0 1.21 2650.0 6.0
1239 0 37.0 1.56 2650.0 8.8
1240 0 159.0 1.96 3833.0 30.4
1241 0 400.0 1.96 3833.0 4.8
1242 0 159.0 1.96 650.0 6.4
1243 0 159.0 0.81 3833.0 4.8
1244 0 159.0 0.81 650.0 4.8
1245 0 400.0 0.81 3833.0 5.6
1246 0 400.0 1.96 650.0 3.6
1247 0 400.0 0.81 650.0 6.8
1248 0 249.0 1.4 1333.0 8.8
1249 0 555.0 1.4 1333.0 4.8
1250 0 249.0 1.4 150.0 4.8
1251 0 249.0 1.0 1333.0 5.6
1252 0 249.0 1.0 150.0 3.6
1253 0 555.0 1.0 1333.0 4.8
1254 0 555.0 1.4 150.0 5.6
1255 0 555.0 1.0 150.0 4.8
1256 0 1032.0 0.65 3333.0 4.8
1257 0 106.0 0.65 3333.0 16.8
1258 0 1032.0 0.65 2150.0 2.8
1259 0 1032.0 1.75 3333.0 3.6
1260 0 1032.0 1.75 2150.0 3.6
1261 0 106.0 1.75 3333.0 10.0
1262 0 106.0 0.65 2150.0 5.2
1263 0 106.0 1.75 2150.0 5.6
1264 0 500.0 1.78 333.0 4.4
1265 0 1215.0 1.78 333.0 4.8
1266 0 500.0 1.78 3150.0 5.6
1267 0 500.0 1.37 333.0 4.0
1268 0 500.0 1.37 3150.0 5.6
1269 0 1215.0 1.37 333.0 4.8
1270 0 1215.0 1.78 3150.0 3.6
1271 0 1215.0 1.37 3150.0 4.8
1272 0 83.0 1.03 2333.0 10.4
1273 0 281.0 1.03 2333.0 4.8
1274 0 83.0 1.03 1150.0 10.8
1275 0 83.0 0.62 2333.0 10.8
1276 0 83.0 0.62 1150.0 10.0
1277 0 281.0 0.62 2333.0 5.6
1278 0 281.0 1.03 1150.0 8.8
1279 0 281.0 0.62 1150.0 5.6
1280 0 119.0 1.68 1583.0 6.8
1281 0 144.0 1.68 1583.0 3.6
1282 0 119.0 1.68 3900.0 5.6
1283 0 119.0 0.72 1583.0 5.6
1284 0 119.0 0.72 3900.0 20.8
1285 0 144.0 0.72 1583.0 10.8
1286 0 144.0 1.68 3900.0 36.7999999999999
1287 0 144.0 0.72 3900.0 3.6
1288 0 589.0 0.93 3583.0 4.8
1289 0 656.0 0.93 3583.0 6.8
1290 0 589.0 0.93 1900.0 3.6
1291 0 589.0 1.47 3583.0 4.8
1292 0 589.0 1.47 1900.0 3.6
1293 0 656.0 1.47 3583.0 4.8
1294 0 656.0 0.93 1900.0 4.8
1295 0 656.0 1.47 1900.0 3.6
1296 0 1357.0 1.31 583.0 4.0
1297 0 337.0 1.31 583.0 5.6
1298 0 1357.0 1.31 900.0 3.6
1299 0 1357.0 1.84 583.0 3.6
1300 0 1357.0 1.84 900.0 4.8
1301 0 337.0 1.84 583.0 6.8
1302 0 337.0 1.31 900.0 6.8
1303 0 337.0 1.84 900.0 7.6
1304 0 301.0 0.56 2583.0 6.8
1305 0 1799.0 0.56 2583.0 4.8
1306 0 301.0 0.56 2900.0 9.6
1307 0 301.0 1.09 2583.0 3.6
1308 0 301.0 1.09 2900.0 3.6
1309 0 1799.0 1.09 2583.0 4.8
1310 0 1799.0 0.56 2900.0 3.6
1311 0 1799.0 1.09 2900.0 4.0
1312 0 202.0 1.12 83.0 4.8
1313 0 953.0 1.12 83.0 2.8
1314 0 202.0 1.12 2400.0 14.8
1315 0 202.0 0.53 83.0 4.8
1316 0 202.0 0.53 2400.0 4.8
1317 0 953.0 0.53 83.0 2.8
1318 0 953.0 1.12 2400.0 4.8
1319 0 953.0 0.53 2400.0 4.8
1320 0 838.0 1.87 2083.0 4.8
1321 0 231.0 1.87 2083.0 8.0
1322 0 838.0 1.87 400.0 4.8
1323 0 838.0 1.28 2083.0 4.8
1324 0 838.0 1.28 400.0 3.6
1325 0 231.0 1.28 2083.0 9.6
1326 0 231.0 1.87 400.0 5.6
1327 0 231.0 1.28 400.0 4.8
1328 0 424.0 0.74 1083.0 6.8
1329 0 471.0 0.74 1083.0 4.8
1330 0 424.0 0.74 1400.0 4.8
1331 0 424.0 1.66 1083.0 5.6
1332 0 424.0 1.66 1400.0 4.8
1333 0 471.0 1.66 1083.0 4.8
1334 0 471.0 0.74 1400.0 6.8
1335 0 471.0 1.66 1400.0 4.8
1336 0 48.0 1.49 3083.0 5.2
1337 0 70.0 1.49 3083.0 14.8
1338 0 48.0 1.49 3400.0 13.6
1339 0 48.0 0.91 3083.0 10.4
1340 0 48.0 0.91 3400.0 8.0
1341 0 70.0 0.91 3083.0 23.6
1342 0 70.0 1.49 3400.0 7.6
1343 0 70.0 0.91 3400.0 12.8
1344 0 65.0 0.88 1208.0 8.4
1345 0 1067.0 0.88 1208.0 5.6
1346 0 65.0 0.88 525.0 3.6
1347 0 65.0 1.33 1208.0 4.4
1348 0 65.0 1.33 525.0 4.8
1349 0 1067.0 1.33 1208.0 3.6
1350 0 1067.0 0.88 525.0 3.6
1351 0 1067.0 1.33 525.0 3.6
1352 0 461.0 1.63 3208.0 5.6
1353 0 256.0 1.63 3208.0 5.6
1354 0 461.0 1.63 2525.0 3.6
1355 0 461.0 0.58 3208.0 4.8
1356 0 461.0 0.58 2525.0 8.8
1357 0 256.0 0.58 3208.0 5.6
1358 0 256.0 1.63 2525.0 4.8
1359 0 256.0 0.58 2525.0 9.6
1360 0 926.0 0.51 208.0 4.8
1361 0 512.0 0.51 208.0 6.8
1362 0 926.0 0.51 3525.0 4.8
1363 0 926.0 0.95 208.0 2.8
1364 0 926.0 0.95 3525.0 3.6
1365 0 512.0 0.95 208.0 4.8
1366 0 512.0 0.51 3525.0 5.6
1367 0 512.0 0.95 3525.0 5.6
1368 0 225.0 1.26 2208.0 7.6
1369 0 88.0 1.26 2208.0 12.0
1370 0 225.0 1.26 1525.0 8.0
1371 0 225.0 1.7 2208.0 4.8
1372 0 225.0 1.7 1525.0 10.8
1373 0 88.0 1.7 2208.0 14.0
1374 0 88.0 1.26 1525.0 14.4
1375 0 88.0 1.7 1525.0 14.4
1376 0 329.0 1.82 708.0 6.8
1377 0 21.0 1.82 708.0 14.8
1378 0 329.0 1.82 1025.0 6.8
1379 0 329.0 1.51 708.0 4.0
1380 0 329.0 1.51 1025.0 7.6
1381 0 21.0 1.51 708.0 14.8
1382 0 21.0 1.82 1025.0 14.8
1383 0 21.0 1.51 1025.0 14.8
1384 0 1663.0 1.07 2708.0 3.6
1385 0 367.0 1.07 2708.0 4.8
1386 0 1663.0 1.07 3025.0 6.0
1387 0 1663.0 0.76 2708.0 2.8
1388 0 1663.0 0.76 3025.0 4.8
1389 0 367.0 0.76 2708.0 7.6
1390 0 367.0 1.07 3025.0 7.6
1391 0 367.0 0.76 3025.0 3.6
1392 0 641.0 1.45 1708.0 4.8
1393 0 165.0 1.45 1708.0 9.6
1394 0 641.0 1.45 2025.0 4.8
1395 0 641.0 1.14 1708.0 3.6
1396 0 641.0 1.14 2025.0 4.8
1397 0 165.0 1.14 1708.0 13.2
1398 0 165.0 1.45 2025.0 6.8
1399 0 165.0 1.14 2025.0 10.4
1400 0 139.0 0.7 3708.0 20.0
1401 0 716.0 0.7 3708.0 4.8
1402 0 139.0 0.7 25.0 6.0
1403 0 139.0 1.89 3708.0 39.5999999999999
1404 0 139.0 1.89 25.0 3.6
1405 0 716.0 1.89 3708.0 4.8
1406 0 716.0 0.7 25.0 2.8
1407 0 716.0 1.89 25.0 2.8
1408 0 101.0 1.54 458.0 5.6
1409 0 434.0 1.54 458.0 4.8
1410 0 101.0 1.54 2775.0 6.8
1411 0 101.0 1.8 458.0 8.4
1412 0 101.0 1.8 2775.0 8.4
1413 0 434.0 1.8 458.0 6.8
1414 0 434.0 1.54 2775.0 7.6
1415 0 434.0 1.8 2775.0 3.6
1416 0 543.0 0.79 2458.0 4.8
1417 0 53.0 0.79 2458.0 9.6
1418 0 543.0 0.79 775.0 4.8
1419 0 543.0 1.05 2458.0 5.6
1420 0 543.0 1.05 775.0 4.8
1421 0 53.0 1.05 2458.0 6.0
1422 0 53.0 0.79 775.0 3.6
1423 0 53.0 1.05 775.0 5.6
1424 0 1169.0 1.92 1458.0 4.8
1425 0 861.0 1.92 1458.0 4.8
1426 0 1169.0 1.92 1775.0 4.8
1427 0 1169.0 0.67 1458.0 4.8
1428 0 1169.0 0.67 1775.0 4.8
1429 0 861.0 0.67 1458.0 4.8
1430 0 861.0 1.92 1775.0 3.6
1431 0 861.0 0.67 1775.0 5.6
1432 0 274.0 1.17 3458.0 11.6
1433 0 208.0 1.17 3458.0 6.8
1434 0 274.0 1.17 3775.0 5.6
1435 0 274.0 1.42 3458.0 4.8
1436 0 274.0 1.42 3775.0 3.6
1437 0 208.0 1.42 3458.0 8.8
1438 0 208.0 1.17 3775.0 4.8
1439 0 208.0 1.42 3775.0 14.4
1440 0 180.0 0.6 1958.0 5.6
1441 0 308.0 0.6 1958.0 7.6
1442 0 180.0 0.6 3275.0 5.6
1443 0 180.0 1.98 1958.0 5.6
1444 0 180.0 1.98 3275.0 3.6
1445 0 308.0 1.98 1958.0 6.8
1446 0 308.0 0.6 3275.0 5.6
1447 0 308.0 1.98 3275.0 6.8
1448 0 763.0 1.35 3958.0 3.6
1449 0 1426.0 1.35 3958.0 3.6
1450 0 763.0 1.35 1275.0 4.8
1451 0 763.0 1.23 3958.0 2.8
1452 0 763.0 1.23 1275.0 4.8
1453 0 1426.0 1.23 3958.0 3.6
1454 0 1426.0 1.35 1275.0 3.6
1455 0 1426.0 1.23 1275.0 4.8
1456 0 390.0 0.98 958.0 7.6
1457 0 125.0 0.98 958.0 4.4
1458 0 390.0 0.98 275.0 5.6
1459 0 390.0 0.86 958.0 3.6
1460 0 390.0 0.86 275.0 4.8
1461 0 125.0 0.86 958.0 2.8
1462 0 125.0 0.98 275.0 2.8
1463 0 125.0 0.86 275.0 2.8
1464 0 32.0 1.73 2958.0 15.6
1465 0 603.0 1.73 2958.0 3.6
1466 0 32.0 1.73 2275.0 14.8
1467 0 32.0 1.61 2958.0 14.4
1468 0 32.0 1.61 2275.0 14.8
1469 0 603.0 1.61 2958.0 3.6
1470 0 603.0 1.73 2275.0 4.8
1471 0 603.0 1.61 2275.0 4.8
1472 0 40.0 1.33 1771.0 5.6
1473 0 685.0 1.33 1771.0 3.6
1474 0 40.0 1.33 1212.0 5.6
1475 0 40.0 1.4 1771.0 8.8
1476 0 40.0 1.4 1212.0 5.6
1477 0 685.0 1.4 1771.0 3.6
1478 0 685.0 1.33 1212.0 4.8
1479 0 685.0 1.4 1212.0 4.8
1480 0 407.0 0.58 3771.0 7.6
1481 0 154.0 0.58 3771.0 30.4
1482 0 407.0 0.58 3212.0 5.6
1483 0 407.0 0.65 3771.0 4.8
1484 0 407.0 0.65 3212.0 4.8
1485 0 154.0 0.65 3771.0 9.2
1486 0 154.0 0.58 3212.0 8.4
1487 0 154.0 0.65 3212.0 21.6
1488 0 799.0 1.7 771.0 4.8
1489 0 352.0 1.7 771.0 10.8
1490 0 799.0 1.7 2212.0 3.6
1491 0 799.0 1.02 771.0 3.6
1492 0 799.0 1.02 2212.0 6.0
1493 0 352.0 1.02 771.0 4.8
1494 0 352.0 1.7 2212.0 9.6
1495 0 352.0 1.02 2212.0 7.6
1496 0 191.0 0.95 2771.0 4.8
1497 0 13.0 0.95 2771.0 15.6
1498 0 191.0 0.95 212.0 6.4
1499 0 191.0 1.77 2771.0 9.6
1500 0 191.0 1.77 212.0 3.6
1501 0 13.0 1.77 2771.0 15.6
1502 0 13.0 0.95 212.0 4.8
1503 0 13.0 1.77 212.0 4.8
1504 0 287.0 0.77 271.0 3.6
1505 0 79.0 0.77 271.0 3.6
1506 0 287.0 0.77 712.0 4.8
1507 0 287.0 1.58 271.0 4.8
1508 0 287.0 1.58 712.0 5.6
1509 0 79.0 1.58 271.0 4.8
1510 0 79.0 0.77 712.0 4.8
1511 0 79.0 1.58 712.0 5.6
1512 0 1254.0 1.52 2271.0 2.8
1513 0 491.0 1.52 2271.0 4.8
1514 0 1254.0 1.52 2712.0 4.8
1515 0 1254.0 0.83 2271.0 3.6
1516 0 1254.0 0.83 2712.0 4.8
1517 0 491.0 0.83 2271.0 4.8
1518 0 491.0 1.52 2712.0 4.8
1519 0 491.0 0.83 2712.0 4.8
1520 0 565.0 1.14 1271.0 4.8
1521 0 243.0 1.14 1271.0 8.0
1522 0 565.0 1.14 3712.0 5.6
1523 0 565.0 1.21 1271.0 3.6
1524 0 565.0 1.21 3712.0 4.8
1525 0 243.0 1.21 1271.0 5.6
1526 0 243.0 1.14 3712.0 26.8
1527 0 243.0 1.21 3712.0 58.39999999999989
1528 0 110.0 1.89 3271.0 11.2
1529 0 1007.0 1.89 3271.0 4.8
1530 0 110.0 1.89 1712.0 5.6
1531 0 110.0 1.96 3271.0 10.4
1532 0 110.0 1.96 1712.0 3.6
1533 0 1007.0 1.96 3271.0 4.8
1534 0 1007.0 1.89 1712.0 4.0
1535 0 1007.0 1.96 1712.0 2.8
1536 0 149.0 1.24 521.0 3.6
1537 0 579.0 1.24 521.0 3.6
1538 0 149.0 1.24 3462.0 14.8
1539 0 149.0 1.68 521.0 4.8
1540 0 149.0 1.68 3462.0 6.8
1541 0 579.0 1.68 521.0 4.8
1542 0 579.0 1.24 3462.0 4.8
1543 0 579.0 1.68 3462.0 3.6
1544 0 669.0 1.99 2521.0 4.8
1545 0 115.0 1.99 2521.0 8.8
1546 0 669.0 1.99 1462.0 3.6
1547 0 669.0 0.93 2521.0 4.0
1548 0 669.0 0.93 1462.0 4.8
1549 0 115.0 0.93 2521.0 18.8
1550 0 115.0 1.99 1462.0 10.8
1551 0 115.0 0.93 1462.0 6.4
1552 0 1939.0 0.86 1521.0 2.8
1553 0 1309.0 0.86 1521.0 4.8
1554 0 1939.0 0.86 462.0 3.6
1555 0 1939.0 0.55 1521.0 4.0
1556 0 1939.0 0.55 462.0 4.8
1557 0 1309.0 0.55 1521.0 2.8
1558 0 1309.0 0.86 462.0 4.0
1559 0 1309.0 0.55 462.0 4.0
1560 0 343.0 1.61 3521.0 6.8
1561 0 295.0 1.61 3521.0 5.6
1562 0 343.0 1.61 2462.0 5.6
1563 0 343.0 1.3 3521.0 4.8
1564 0 343.0 1.3 2462.0 8.8
1565 0 295.0 1.3 3521.0 6.8
1566 0 295.0 1.61 2462.0 9.6
1567 0 295.0 1.3 2462.0 3.6
1568 0 237.0 1.8 1021.0 9.6
1569 0 197.0 1.8 1021.0 5.6
1570 0 237.0 1.8 2962.0 4.8
1571 0 237.0 1.87 1021.0 4.8
1572 0 237.0 1.87 2962.0 6.0
1573 0 197.0 1.87 1021.0 5.6
1574 0 197.0 1.8 2962.0 6.8
1575 0 197.0 1.87 2962.0 5.6
1576 0 976.0 1.05 3021.0 3.6
1577 0 820.0 1.05 3021.0 4.8
1578 0 976.0 1.05 962.0 4.8
1579 0 976.0 1.12 3021.0 3.6
1580 0 976.0 1.12 962.0 3.6
1581 0 820.0 1.12 3021.0 4.8
1582 0 820.0 1.05 962.0 5.6
1583 0 820.0 1.12 962.0 5.6
1584 0 480.0 1.42 21.0 3.6
1585 0 45.0 1.42 21.0 7.6
1586 0 480.0 1.42 1962.0 3.6
1587 0 480.0 0.74 21.0 5.6
1588 0 480.0 0.74 1962.0 2.8
1589 0 45.0 0.74 21.0 7.6
1590 0 45.0 1.42 1962.0 13.2
1591 0 45.0 0.74 1962.0 8.0
1592 0 74.0 0.67 2021.0 10.4
1593 0 417.0 0.67 2021.0 3.6
1594 0 74.0 0.67 3962.0 17.6
1595 0 74.0 1.49 2021.0 14.8
1596 0 74.0 1.49 3962.0 12.8
1597 0 417.0 1.49 2021.0 4.8
1598 0 417.0 0.67 3962.0 4.8
1599 0 417.0 1.49 3962.0 3.6
1600 0 57.0 1.94 146.0 5.6
1601 0 268.0 1.94 146.0 3.6
1602 0 57.0 1.94 87.0 5.6
1603 0 57.0 1.07 146.0 3.6
1604 0 57.0 1.07 87.0 3.6
1605 0 268.0 1.07 146.0 5.6
1606 0 268.0 1.94 87.0 2.8
1607 0 268.0 1.07 87.0 5.2
1608 0 442.0 1.19 2146.0 3.6
1609 0 1135.0 1.19 2146.0 3.6
1610 0 442.0 1.19 2087.0 4.8
1611 0 442.0 1.82 2146.0 3.6
1612 0 442.0 1.82 2087.0 3.6
1613 0 1135.0 1.82 2146.0 3.6
1614 0 1135.0 1.19 2087.0 3.6
1615 0 1135.0 1.82 2087.0 4.8
1616 0 880.0 1.56 1146.0 4.8
1617 0 97.0 1.56 1146.0 8.8
1618 0 880.0 1.56 3087.0 4.8
1619 0 880.0 1.44 1146.0 4.8
1620 0 880.0 1.44 3087.0 4.8
1621 0 97.0 1.44 1146.0 8.8
1622 0 97.0 1.56 3087.0 10.4
1623 0 97.0 1.44 3087.0 8.8
1624 0 213.0 0.81 3146.0 10.4
1625 0 533.0 0.81 3146.0 4.8
1626 0 213.0 0.81 1087.0 4.8
1627 0 213.0 0.69 3146.0 9.6
1628 0 213.0 0.69 1087.0 3.6
1629 0 533.0 0.69 3146.0 6.8
1630 0 533.0 0.81 1087.0 4.8
1631 0 533.0 0.69 1087.0 4.8
1632 0 315.0 1.0 1646.0 4.8
1633 0 383.0 1.0 1646.0 3.6
1634 0 315.0 1.0 1587.0 4.8
1635 0 315.0 0.88 1646.0 6.8
1636 0 315.0 0.88 1587.0 5.6
1637 0 383.0 0.88 1646.0 5.6
1638 0 383.0 1.0 1587.0 6.8
1639 0 383.0 0.88 1587.0 5.6
1640 0 1487.0 1.75 3646.0 4.8
1641 0 29.0 1.75 3646.0 14.8
1642 0 1487.0 1.75 3587.0 3.6
1643 0 1487.0 1.63 3646.0 4.8
1644 0 1487.0 1.63 3587.0 4.8
1645 0 29.0 1.63 3646.0 14.4
1646 0 29.0 1.75 3587.0 14.4
1647 0 29.0 1.63 3587.0 14.4
1648 0 614.0 0.63 646.0 4.8
1649 0 748.0 0.63 646.0 3.6
1650 0 614.0 0.63 2587.0 4.8
1651 0 614.0 1.26 646.0 4.8
1652 0 614.0 1.26 2587.0 4.8
1653 0 748.0 1.26 646.0 4.8
1654 0 748.0 0.63 2587.0 2.8
1655 0 748.0 1.26 2587.0 3.6
1656 0 129.0 1.38 2646.0 6.4
1657 0 175.0 1.38 2646.0 10.0
1658 0 129.0 1.38 587.0 6.4
1659 0 129.0 0.51 2646.0 8.0
1660 0 129.0 0.51 587.0 6.4
1661 0 175.0 0.51 2646.0 9.6
1662 0 175.0 1.38 587.0 6.8
1663 0 175.0 0.51 587.0 5.2
1664 0 91.0 0.53 1396.0 7.2
1665 0 61.0 0.53 1396.0 12.8
1666 0 91.0 0.53 2337.0 14.4
1667 0 91.0 0.79 1396.0 3.6
1668 0 91.0 0.79 2337.0 5.2
1669 0 61.0 0.79 1396.0 11.6
1670 0 61.0 0.53 2337.0 14.4
1671 0 61.0 0.79 2337.0 14.4
1672 0 521.0 1.28 3396.0 4.8
1673 0 452.0 1.28 3396.0 5.6
1674 0 521.0 1.28 337.0 3.6
1675 0 521.0 1.54 3396.0 4.8
1676 0 521.0 1.54 337.0 5.6
1677 0 452.0 1.54 3396.0 3.6
1678 0 452.0 1.28 337.0 4.0
1679 0 452.0 1.54 337.0 4.8
1680 0 1096.0 0.91 396.0 4.4
1681 0 220.0 0.91 396.0 4.8
1682 0 1096.0 0.91 1337.0 3.6
1683 0 1096.0 1.91 396.0 4.8
1684 0 1096.0 1.91 1337.0 4.8
1685 0 220.0 1.91 396.0 6.4
1686 0 220.0 0.91 1337.0 5.6
1687 0 220.0 1.91 1337.0 5.6
1688 0 261.0 1.66 2396.0 5.6
1689 0 905.0 1.66 2396.0 2.8
1690 0 261.0 1.66 3337.0 4.8
1691 0 261.0 1.16 2396.0 4.8
1692 0 261.0 1.16 3337.0 14.8
1693 0 905.0 1.16 2396.0 4.8
1694 0 905.0 1.66 3337.0 3.6
1695 0 905.0 1.16 3337.0 4.0
1696 0 169.0 1.47 896.0 4.8
1697 0 1578.0 1.47 896.0 4.0
1698 0 169.0 1.47 3837.0 3.6
1699 0 169.0 0.6 896.0 4.8
1700 0 169.0 0.6 3837.0 26.0
1701 0 1578.0 0.6 896.0 4.0
1702 0 1578.0 1.47 3837.0 2.8
1703 0 1578.0 0.6 3837.0 4.0
1704 0 730.0 0.72 2896.0 3.6
1705 0 322.0 0.72 2896.0 4.8
1706 0 730.0 0.72 1837.0 5.6
1707 0 730.0 1.35 2896.0 3.6
1708 0 730.0 1.35 1837.0 4.8
1709 0 322.0 1.35 2896.0 3.6
1710 0 322.0 0.72 1837.0 10.0
1711 0 322.0 1.35 1837.0 8.8
1712 0 374.0 1.85 1896.0 4.8
1713 0 629.0 1.85 1896.0 4.8
1714 0 374.0 1.85 837.0 4.8
1715 0 374.0 1.73 1896.0 6.0
1716 0 374.0 1.73 837.0 5.6
1717 0 629.0 1.73 1896.0 4.8
1718 0 629.0 1.85 837.0 5.6
1719 0 629.0 1.73 837.0 3.6
1720 0 24.0 1.1 3896.0 6.0
1721 0 134.0 1.1 3896.0 9.2
1722 0 24.0 1.1 2837.0 4.0
1723 0 24.0 0.98 3896.0 6.4
1724 0 24.0 0.98 2837.0 4.8
1725 0 134.0 0.98 3896.0 6.8
1726 0 134.0 1.1 2837.0 6.8
1727 0 134.0 0.98 2837.0 6.8
1728 0 20.0 1.88 1302.0 9.6
1729 0 462.0 1.88 1302.0 4.8
1730 0 20.0 1.88 3244.0 44.7999999999999
1731 0 20.0 0.54 1302.0 9.6
1732 0 20.0 0.54 3244.0 15.2
1733 0 462.0 0.54 1302.0 4.8
1734 0 462.0 1.88 3244.0 4.8
1735 0 462.0 0.54 3244.0 3.6
1736 0 366.0 1.13 3302.0 6.8
1737 0 66.0 1.13 3302.0 18.4
1738 0 366.0 1.13 1244.0 4.8
1739 0 366.0 1.29 3302.0 4.8
1740 0 366.0 1.29 1244.0 5.6
1741 0 66.0 1.29 3302.0 10.8
1742 0 66.0 1.13 1244.0 11.6
1743 0 66.0 1.29 1244.0 12.8
1744 0 714.0 1.51 302.0 4.8
1745 0 929.0 1.51 302.0 3.6
1746 0 714.0 1.51 244.0 2.8
1747 0 714.0 1.67 302.0 4.8
1748 0 714.0 1.67 244.0 4.8
1749 0 929.0 1.67 302.0 4.8
1750 0 929.0 1.51 244.0 3.6
1751 0 929.0 1.67 244.0 3.6
1752 0 164.0 0.76 2302.0 9.6
1753 0 225.0 0.76 2302.0 5.6
1754 0 164.0 0.76 2244.0 9.2
1755 0 164.0 0.92 2302.0 6.8
1756 0 164.0 0.92 2244.0 7.6
1757 0 225.0 0.92 2302.0 3.6
1758 0 225.0 0.76 2244.0 5.6
1759 0 225.0 0.92 2244.0 5.6
1760 0 255.0 0.94 802.0 9.2
1761 0 330.0 0.94 802.0 4.8
1762 0 255.0 0.94 2744.0 6.8
1763 0 255.0 0.73 802.0 9.6
1764 0 255.0 0.73 2744.0 5.6
1765 0 330.0 0.73 802.0 3.6
1766 0 330.0 0.94 2744.0 3.6
1767 0 330.0 0.73 2744.0 5.6
1768 0 1063.0 1.69 2802.0 5.6
1769 0 1677.0 1.69 2802.0 2.8
1770 0 1063.0 1.69 744.0 3.6
1771 0 1063.0 1.48 2802.0 2.8
1772 0 1063.0 1.48 744.0 3.6
1773 0 1677.0 1.48 2802.0 4.8
1774 0 1677.0 1.69 744.0 3.6
1775 0 1677.0 1.48 744.0 3.6
1776 0 510.0 0.57 1802.0 5.6
1777 0 139.0 0.57 1802.0 11.6
1778 0 510.0 0.57 1744.0 5.6
1779 0 510.0 1.85 1802.0 4.8
1780 0 510.0 1.85 1744.0 5.6
1781 0 139.0 1.85 1802.0 11.2
1782 0 139.0 0.57 1744.0 9.2
1783 0 139.0 1.85 1744.0 15.2
1784 0 87.0 1.32 3802.0 10.0
1785 0 642.0 1.32 3802.0 4.8
1786 0 87.0 1.32 3744.0 28.4
1787 0 87.0 1.1 3802.0 21.2
1788 0 87.0 1.1 3744.0 3.6
1789 0 642.0 1.1 3802.0 4.8
1790 0 642.0 1.32 3744.0 5.6
1791 0 642.0 1.1 3744.0 4.8
1792 0 124.0 0.66 52.0 2.8
1793 0 1174.0 0.66 52.0 3.6
1794 0 124.0 0.66 1494.0 3.6
1795 0 124.0 1.01 52.0 2.8
1796 0 124.0 1.01 1494.0 7.6
1797 0 1174.0 1.01 52.0 3.6
1798 0 1174.0 0.66 1494.0 4.8
1799 0 1174.0 1.01 1494.0 4.8
1800 0 602.0 1.41 2052.0 4.8
1801 0 275.0 1.41 2052.0 10.0
1802 0 602.0 1.41 3494.0 3.6
1803 0 602.0 1.76 2052.0 4.8
1804 0 602.0 1.76 3494.0 4.8
1805 0 275.0 1.76 2052.0 3.6
1806 0 275.0 1.41 3494.0 16.8
1807 0 275.0 1.76 3494.0 5.6
1808 0 1418.0 1.04 1052.0 4.8
1809 0 544.0 1.04 1052.0 4.8
1810 0 1418.0 1.04 2494.0 4.0
1811 0 1418.0 1.39 1052.0 3.6
1812 0 1418.0 1.39 2494.0 4.8
1813 0 544.0 1.39 1052.0 3.6
1814 0 544.0 1.04 2494.0 4.8
1815 0 544.0 1.39 2494.0 3.6
1816 0 308.0 1.79 3052.0 3.6
1817 0 101.0 1.79 3052.0 8.8
1818 0 308.0 1.79 494.0 7.2
1819 0 308.0 0.64 3052.0 8.8
1820 0 308.0 0.64 494.0 5.6
1821 0 101.0 0.64 3052.0 31.2
1822 0 101.0 1.79 494.0 4.0
1823 0 101.0 0.64 494.0 5.2
1824 0 207.0 1.6 1552.0 6.8
1825 0 33.0 1.6 1552.0 3.6
1826 0 207.0 1.6 994.0 7.6
1827 0 207.0 1.2 1552.0 10.0
1828 0 207.0 1.2 994.0 5.6
1829 0 33.0 1.2 1552.0 3.6
1830 0 33.0 1.6 994.0 3.6
1831 0 33.0 1.2 994.0 3.6
1832 0 858.0 0.85 3552.0 5.6
1833 0 391.0 0.85 3552.0 7.6
1834 0 858.0 0.85 2994.0 4.8
1835 0 858.0 1.95 3552.0 4.8
1836 0 858.0 1.95 2994.0 4.8
1837 0 391.0 1.95 3552.0 4.8
1838 0 391.0 0.85 2994.0 6.8
1839 0 391.0 1.95 2994.0 4.8
1840 0 433.0 1.97 552.0 5.6
1841 0 180.0 1.97 552.0 4.4
1842 0 433.0 1.97 3994.0 4.8
1843 0 433.0 1.57 552.0 3.6
1844 0 433.0 1.57 3994.0 4.8
1845 0 180.0 1.57 552.0 4.8
1846 0 180.0 1.97 3994.0 4.8
1847 0 180.0 1.57 3994.0 6.8
1848 0 53.0 1.22 2552.0 6.4
1849 0 765.0 1.22 2552.0 4.8
1850 0 53.0 1.22 1994.0 7.6
1851 0 53.0 0.82 2552.0 10.4
1852 0 53.0 0.82 1994.0 14.8
1853 0 765.0 0.82 2552.0 4.8
1854 0 765.0 1.22 1994.0 2.8
1855 0 765.0 0.82 1994.0 5.6
1856 0 69.0 1.36 677.0 9.2
1857 0 120.0 1.36 677.0 7.2
1858 0 69.0 1.36 2119.0 15.6
1859 0 69.0 1.99 677.0 5.2
1860 0 69.0 1.99 2119.0 14.4
1861 0 120.0 1.99 677.0 4.8
1862 0 120.0 1.36 2119.0 10.8
1863 0 120.0 1.99 2119.0 13.6
1864 0 470.0 0.61 2677.0 5.6
1865 0 591.0 0.61 2677.0 4.8
1866 0 470.0 0.61 119.0 3.6
1867 0 470.0 1.24 2677.0 4.8
1868 0 470.0 1.24 119.0 4.8
1869 0 591.0 1.24 2677.0 5.6
1870 0 591.0 0.61 119.0 5.6
1871 0 591.0 1.24 119.0 4.8
1872 0 950.0 1.74 1677.0 3.6
1873 0 301.0 1.74 1677.0 4.8
1874 0 950.0 1.74 1119.0 3.6
1875 0 950.0 0.87 1677.0 4.8
1876 0 950.0 0.87 1119.0 4.8
1877 0 301.0 0.87 1677.0 6.0
1878 0 301.0 1.74 1119.0 4.8
1879 0 301.0 0.87 1119.0 4.8
1880 0 231.0 0.99 3677.0 5.6
1881 0 1364.0 0.99 3677.0 4.8
1882 0 231.0 0.99 3119.0 5.6
1883 0 231.0 1.62 3677.0 5.6
1884 0 231.0 1.62 3119.0 3.6
1885 0 1364.0 1.62 3677.0 3.6
1886 0 1364.0 0.99 3119.0 3.6
1887 0 1364.0 1.62 3119.0 4.8
1888 0 336.0 0.8 1177.0 6.8
1889 0 840.0 0.8 1177.0 4.8
1890 0 336.0 0.8 3619.0 5.6
1891 0 336.0 1.81 1177.0 4.8
1892 0 336.0 1.81 3619.0 5.6
1893 0 840.0 1.81 1177.0 3.6
1894 0 840.0 0.8 3619.0 4.8
1895 0 840.0 1.81 3619.0 4.8
1896 0 1782.0 1.55 3177.0 2.8
1897 0 202.0 1.55 3177.0 6.8
1898 0 1782.0 1.55 1619.0 2.8
1899 0 1782.0 1.06 3177.0 2.8
1900 0 1782.0 1.06 1619.0 6.0
1901 0 202.0 1.06 3177.0 43.199999999999896
1902 0 202.0 1.55 1619.0 6.8
1903 0 202.0 1.06 1619.0 6.4
1904 0 654.0 1.18 177.0 3.6
1905 0 425.0 1.18 177.0 4.8
1906 0 654.0 1.18 619.0 3.6
1907 0 654.0 0.68 177.0 3.6
1908 0 654.0 0.68 619.0 4.8
1909 0 425.0 0.68 177.0 5.6
1910 0 425.0 1.18 619.0 4.8
1911 0 425.0 0.68 619.0 3.6
1912 0 144.0 1.93 2177.0 16.8
1913 0 49.0 1.93 2177.0 25.6
1914 0 144.0 1.93 2619.0 5.2
1915 0 144.0 1.43 2177.0 17.2
1916 0 144.0 1.43 2619.0 30.8
1917 0 49.0 1.43 2177.0 6.8
1918 0 49.0 1.93 2619.0 14.4
1919 0 49.0 1.43 2619.0 14.4
1920 0 105.0 1.08 1927.0 4.8
1921 0 159.0 1.08 1927.0 9.2
1922 0 105.0 1.08 369.0 4.0
1923 0 105.0 1.53 1927.0 10.4
1924 0 105.0 1.53 369.0 4.8
1925 0 159.0 1.53 1927.0 14.4
1926 0 159.0 1.08 369.0 5.6
1927 0 159.0 1.53 369.0 5.2
1928 0 554.0 1.83 3927.0 4.8
1929 0 700.0 1.83 3927.0 3.6
1930 0 554.0 1.83 2369.0 4.8
1931 0 554.0 0.78 3927.0 3.6
1932 0 554.0 0.78 2369.0 4.8
1933 0 700.0 0.78 3927.0 4.8
1934 0 700.0 1.83 2369.0 2.8
1935 0 700.0 0.78 2369.0 3.6
1936 0 1209.0 0.71 927.0 3.6
1937 0 17.0 0.71 927.0 10.4
1938 0 1209.0 0.71 3369.0 4.8
1939 0 1209.0 1.15 927.0 3.6
1940 0 1209.0 1.15 3369.0 3.6
1941 0 17.0 1.15 927.0 10.4
1942 0 17.0 0.71 3369.0 7.2
1943 0 17.0 1.15 3369.0 7.2
1944 0 281.0 1.46 2927.0 5.6
1945 0 360.0 1.46 2927.0 7.6
1946 0 281.0 1.46 1369.0 3.6
1947 0 281.0 1.9 2927.0 4.8
1948 0 281.0 1.9 1369.0 4.8
1949 0 360.0 1.9 2927.0 4.8
1950 0 360.0 1.46 1369.0 5.6
1951 0 360.0 1.9 1369.0 6.8
1952 0 185.0 1.65 427.0 5.6
1953 0 501.0 1.65 427.0 4.8
1954 0 185.0 1.65 1869.0 3.6
1955 0 185.0 1.34 427.0 5.6
1956 0 185.0 1.34 1869.0 8.4
1957 0 501.0 1.34 427.0 3.6
1958 0 501.0 1.65 1869.0 3.6
1959 0 501.0 1.34 1869.0 4.8
1960 0 781.0 0.9 2427.0 4.8
1961 0 83.0 0.9 2427.0 10.8
1962 0 781.0 0.9 3869.0 3.6
1963 0 781.0 0.59 2427.0 3.6
1964 0 781.0 0.59 3869.0 4.8
1965 0 83.0 0.59 2427.0 10.8
1966 0 83.0 0.9 3869.0 10.8
1967 0 83.0 0.59 3869.0 42.3999999999999
1968 0 399.0 1.27 1427.0 4.8
1969 0 1036.0 1.27 1427.0 3.6
1970 0 399.0 1.27 2869.0 3.6
1971 0 399.0 0.96 1427.0 5.6
1972 0 399.0 0.96 2869.0 5.6
1973 0 1036.0 0.96 1427.0 3.2
1974 0 1036.0 1.27 2869.0 4.8
1975 0 1036.0 0.96 2869.0 4.0
1976 0 36.0 0.52 3427.0 7.2
1977 0 249.0 0.52 3427.0 6.8
1978 0 36.0 0.52 869.0 4.8
1979 0 36.0 1.71 3427.0 8.8
1980 0 36.0 1.71 869.0 4.8
1981 0 249.0 1.71 3427.0 3.6
1982 0 249.0 0.52 869.0 6.4
1983 0 249.0 1.71 869.0 6.8
1984 0 28.0 1.06 365.0 15.6
1985 0 57.0 1.06 365.0 3.6
1986 0 28.0 1.06 3681.0 15.2
1987 0 28.0 1.88 365.0 15.6
1988 0 28.0 1.88 3681.0 22.8
1989 0 57.0 1.88 365.0 5.6
1990 0 57.0 1.06 3681.0 34.7999999999999
1991 0 57.0 1.88 3681.0 34.7999999999999
1992 0 382.0 1.81 2365.0 3.6
1993 0 443.0 1.81 2365.0 4.8
1994 0 382.0 1.81 1681.0 5.6
1995 0 382.0 1.13 2365.0 3.6
1996 0 382.0 1.13 1681.0 5.6
1997 0 443.0 1.13 2365.0 6.8
1998 0 443.0 1.81 1681.0 4.8
1999 0 443.0 1.13 1681.0 4.8
