id run_id numberOfAgents Power Traffic Real Kriging
0 0 131.0 1.28 386.0 3.6 5.707184257566215
1 0 553.0 1.28 386.0 3.6 4.501481515977839
2 0 131.0 1.28 1121.0 10.8 7.052912076711511
3 0 131.0 1.86 386.0 5.6 5.7075449609237205
4 0 131.0 1.86 1121.0 4.8 7.052140005960202
5 0 553.0 1.86 386.0 5.6 4.501760178691583
6 0 553.0 1.28 1121.0 4.8 4.739337977470014
7 0 553.0 1.86 1121.0 4.8 4.739342991758177
8 0 620.0 0.53 2386.0 5.6 4.579450458751063
9 0 105.0 0.53 2386.0 10.8 8.885549514646783
10 0 620.0 0.53 3121.0 3.6 4.633747343632694
11 0 620.0 1.11 2386.0 4.8 4.579345642819246
12 0 620.0 1.11 3121.0 5.6 4.63402147104476
13 0 105.0 1.11 2386.0 10.8 8.885545473086966
14 0 105.0 0.53 3121.0 10.0 10.712023029280589
15 0 105.0 1.11 3121.0 17.6 10.712833077830558
16 0 1520.0 1.65 1386.0 4.8 4.101389335625904
17 0 1207.0 1.65 1386.0 2.8 4.10724890923576
18 0 1520.0 1.65 2121.0 5.6 4.0664736923525755
19 0 1520.0 0.74 1386.0 4.8 4.1013882264613875
20 0 1520.0 0.74 2121.0 3.6 4.066086283535265
21 0 1207.0 0.74 1386.0 3.6 4.1074685153117985
22 0 1207.0 1.65 2121.0 3.6 4.00188422042808
23 0 1207.0 0.74 2121.0 4.8 4.002133644909823
24 0 318.0 0.9 3386.0 15.6 6.80850716950741
25 0 280.0 0.9 3386.0 5.6 7.275067767696488
26 0 318.0 0.9 121.0 4.8 4.25061664011071
27 0 318.0 1.49 3386.0 8.8 6.807948404817597
28 0 318.0 1.49 121.0 3.6 4.250443159603072
29 0 280.0 1.49 3386.0 6.8 7.275242279559718
30 0 280.0 0.9 121.0 3.6 4.246392994450807
31 0 280.0 1.49 121.0 2.8 4.246237273793792
32 0 216.0 0.72 1886.0 5.6 7.512548987369447
33 0 185.0 0.72 1886.0 8.8 7.987297125792033
34 0 216.0 0.72 621.0 4.8 5.6959650150241945
35 0 216.0 1.67 1886.0 4.8 7.512281480726603
36 0 216.0 1.67 621.0 5.6 5.696179733286705
37 0 185.0 1.67 1886.0 8.8 7.987270902410901
38 0 185.0 0.72 621.0 4.0 5.890707824504136
39 0 185.0 1.67 621.0 4.4 5.890858354873734
40 0 889.0 1.47 3886.0 3.6 4.051467842081917
41 0 780.0 1.47 3886.0 5.6 4.243436797557957
42 0 889.0 1.47 2621.0 3.6 4.098904515780027
43 0 889.0 0.92 3886.0 2.8 4.051339033605963
44 0 889.0 0.92 2621.0 3.6 4.098906728777717
45 0 780.0 0.92 3886.0 5.6 4.243442852082504
46 0 780.0 1.47 2621.0 3.6 4.178127890858039
47 0 780.0 0.92 2621.0 3.6 4.1781294511438825
48 0 446.0 1.09 886.0 4.8 5.140190040228993
49 0 36.0 1.09 886.0 4.8 7.682861513329893
50 0 446.0 1.09 3621.0 5.6 5.458520077315807
51 0 446.0 0.55 886.0 5.6 5.1402835458992735
52 0 446.0 0.55 3621.0 3.6 5.458225955829492
53 0 36.0 0.55 886.0 4.8 7.682857246116269
54 0 36.0 1.09 3621.0 11.6 12.589922466414105
55 0 36.0 0.55 3621.0 11.6 12.589834653619755
56 0 59.0 1.84 2886.0 16.0 10.183219078720539
57 0 398.0 1.84 2886.0 4.8 5.417380543990305
58 0 59.0 1.84 1621.0 15.6 8.753923071014235
59 0 59.0 1.3 2886.0 15.2 10.183165234639924
60 0 59.0 1.3 1621.0 15.2 8.753908047367315
61 0 398.0 1.3 2886.0 4.8 5.417388688569276
62 0 398.0 1.84 1621.0 3.6 5.1063532278838935
63 0 398.0 1.3 1621.0 2.8 5.1061865050853354
64 0 42.0 0.57 761.0 9.6 8.257231685106424
65 0 307.0 0.57 761.0 5.6 5.630044972858763
66 0 42.0 0.57 2496.0 6.4 9.51493360808351
67 0 42.0 0.88 761.0 9.6 8.257287998613199
68 0 42.0 0.88 2496.0 6.4 9.51492911986457
69 0 307.0 0.88 761.0 4.8 5.629988260724342
70 0 307.0 0.57 2496.0 3.6 5.795030616667768
71 0 307.0 0.88 2496.0 3.6 5.795025465030243
72 0 411.0 1.32 2761.0 4.8 5.317911140534038
73 0 1414.0 1.32 2761.0 4.8 4.164155846344451
74 0 411.0 1.32 496.0 4.8 4.8071561525968365
75 0 411.0 1.63 2761.0 4.8 5.317904173092619
76 0 411.0 1.63 496.0 4.8 4.80716128858842
77 0 1414.0 1.63 2761.0 4.8 4.16415516302927
78 0 1414.0 1.32 496.0 3.6 3.776161150403933
79 0 1414.0 1.63 496.0 4.8 3.7762423369753084
80 0 807.0 0.95 1761.0 4.8 4.2417110553366655
81 0 124.0 0.95 1761.0 13.6 8.538885035888095
82 0 807.0 0.95 1496.0 3.6 4.2456879290676675
83 0 807.0 1.25 1761.0 3.6 4.241621569347329
84 0 807.0 1.25 1496.0 3.6 4.245687455536287
85 0 124.0 1.25 1761.0 7.6 8.538528539048844
86 0 124.0 0.95 1496.0 4.8 7.35010213440597
87 0 124.0 1.25 1496.0 6.0 7.3503092166405
88 0 193.0 1.7 3761.0 4.8 9.827004258205953
89 0 601.0 1.7 3761.0 4.8 4.667616374476329
90 0 193.0 1.7 3496.0 18.8 9.749894941664053
91 0 193.0 0.5 3761.0 27.6 9.83188955274228
92 0 193.0 0.5 3496.0 13.2 9.748756455021635
93 0 601.0 0.5 3761.0 4.8 4.667632242812164
94 0 601.0 1.7 3496.0 5.6 4.728976348769526
95 0 601.0 0.5 3496.0 4.8 4.728827932087552
96 0 290.0 1.51 1261.0 4.8 5.827404256510394
97 0 433.0 1.51 1261.0 4.8 4.968068501132881
98 0 290.0 1.51 3996.0 14.8 7.310289814353705
99 0 290.0 1.06 1261.0 8.8 5.8277760447594575
100 0 290.0 1.06 3996.0 6.8 7.309678816901276
101 0 433.0 1.06 1261.0 3.6 4.9679148581204275
102 0 433.0 1.51 3996.0 5.6 5.643354952678518
103 0 433.0 1.06 3996.0 5.6 5.643402216450495
104 0 1275.0 0.76 3261.0 3.6 4.022653930219231
105 0 52.0 0.76 3261.0 12.4 11.98730596449269
106 0 1275.0 0.76 1996.0 2.8 4.015831228359703
107 0 1275.0 1.81 3261.0 3.6 4.0226504056287675
108 0 1275.0 1.81 1996.0 3.6 4.016080542941573
109 0 52.0 1.81 3261.0 12.8 11.987334970700436
110 0 52.0 0.76 1996.0 4.8 9.927515117830692
111 0 52.0 1.81 1996.0 4.0 9.926919077559427
112 0 570.0 1.89 261.0 3.6 4.3781921054247155
113 0 857.0 1.89 261.0 3.6 3.983064963937951
114 0 570.0 1.89 996.0 4.8 4.708515386173805
115 0 570.0 1.44 261.0 3.6 4.378194091699968
116 0 570.0 1.44 996.0 3.6 4.708365916779358
117 0 857.0 1.44 261.0 3.6 3.983061944860528
118 0 857.0 1.89 996.0 2.8 4.220199142868361
119 0 857.0 1.44 996.0 3.6 4.220312344177125
120 0 112.0 1.14 2261.0 10.8 9.376776183301317
121 0 207.0 1.14 2261.0 24.4 7.532330102387783
122 0 112.0 1.14 2996.0 17.2 9.787107808194582
123 0 112.0 0.69 2261.0 6.4 9.376247332035899
124 0 112.0 0.69 2996.0 7.6 9.78629174108955
125 0 207.0 0.69 2261.0 5.6 7.531129428848126
126 0 207.0 1.14 2996.0 6.8 7.728964190691231
127 0 207.0 0.69 2996.0 6.8 7.729021395756033
128 0 76.0 1.98 1511.0 7.2 7.977914618816873
129 0 20.0 1.98 1511.0 9.6 8.531846079775296
130 0 76.0 1.98 246.0 7.6 5.600268834332321
131 0 76.0 0.6 1511.0 7.6 7.977778078390974
132 0 76.0 0.6 246.0 7.6 5.600257534446032
133 0 20.0 0.6 1511.0 9.6 8.531875624043566
134 0 20.0 1.98 246.0 9.6 6.097651738005584
135 0 20.0 0.6 246.0 9.6 6.0976621600152106
136 0 484.0 1.23 3511.0 4.8 5.277614361517007
137 0 366.0 1.23 3511.0 6.8 6.313759673399962
138 0 484.0 1.23 2246.0 4.8 4.96097353705722
139 0 484.0 1.35 3511.0 5.6 5.27763716267631
140 0 484.0 1.35 2246.0 4.8 4.96097372257626
141 0 366.0 1.35 3511.0 6.8 6.31375320925625
142 0 366.0 1.23 2246.0 8.8 5.663257783797033
143 0 366.0 1.35 2246.0 4.8 5.663161856774382
144 0 988.0 1.61 511.0 2.8 3.8881918823440036
145 0 164.0 1.61 511.0 6.8 5.817484775207579
146 0 988.0 1.61 3246.0 4.8 4.217994053984717
147 0 988.0 1.72 511.0 3.6 3.8882182297165744
148 0 988.0 1.72 3246.0 4.8 4.217993967411896
149 0 164.0 1.72 511.0 6.8 5.817491294837665
150 0 164.0 1.61 3246.0 7.6 9.044873191258935
151 0 164.0 1.72 3246.0 6.8 9.04483977231146
152 0 239.0 0.86 2511.0 5.6 6.504863130897754
153 0 713.0 0.86 2511.0 4.8 4.355772264743914
154 0 239.0 0.86 1246.0 4.8 6.2214674292329795
155 0 239.0 0.97 2511.0 5.6 6.504858969937095
156 0 239.0 0.97 1246.0 8.8 6.221567507545235
157 0 713.0 0.97 2511.0 4.8 4.355771539283707
158 0 713.0 0.86 1246.0 4.8 4.539009277847147
159 0 713.0 0.97 1246.0 6.8 4.53905111033785
160 0 151.0 1.04 11.0 5.2 4.477868518422807
161 0 1061.0 1.04 11.0 4.0 3.852151324458313
162 0 151.0 1.04 1746.0 10.4 8.056770408713104
163 0 151.0 0.78 11.0 5.2 4.477873171458676
164 0 151.0 0.78 1746.0 7.6 8.056606796722466
165 0 1061.0 0.78 11.0 4.8 3.852193536689356
166 0 1061.0 1.04 1746.0 4.8 4.129925395577514
167 0 1061.0 0.78 1746.0 3.6 4.129853826277819
168 0 675.0 1.79 2011.0 5.6 4.542138989777652
169 0 254.0 1.79 2011.0 32.3999999999999 7.203221766309972
170 0 675.0 1.79 3746.0 2.8 4.416973254340647
171 0 675.0 1.53 2011.0 3.6 4.542016317481204
172 0 675.0 1.53 3746.0 2.8 4.41697573036176
173 0 254.0 1.53 2011.0 3.6 7.202231271221903
174 0 254.0 1.79 3746.0 8.8 8.304950594922794
175 0 254.0 1.53 3746.0 5.6 8.304731731529442
176 0 347.0 0.67 1011.0 3.6 5.496349070151591
177 0 510.0 0.67 1011.0 4.8 4.871187267313869
178 0 347.0 0.67 2746.0 3.6 5.726257046504142
179 0 347.0 1.91 1011.0 5.6 5.497094142768735
180 0 347.0 1.91 2746.0 4.8 5.726729698494466
181 0 510.0 1.91 1011.0 4.8 4.871200465725471
182 0 510.0 0.67 2746.0 5.6 4.870902006550988
183 0 510.0 1.91 2746.0 3.6 4.870249025126104
184 0 10.0 1.42 3011.0 69.19999999999989 12.632294079370944
185 0 87.0 1.42 3011.0 8.8 10.417894325319256
186 0 10.0 1.42 746.0 69.19999999999989 9.029009379759191
187 0 10.0 1.16 3011.0 69.19999999999989 12.632310803199848
188 0 10.0 1.16 746.0 69.19999999999989 9.028997806127697
189 0 87.0 1.16 3011.0 4.4 10.41747125146694
190 0 87.0 1.42 746.0 6.4 7.333365022658077
191 0 87.0 1.16 746.0 6.8 7.3333727968793925
192 0 11.0 1.17 1505.0 14.8 8.6259353458122
193 0 333.0 1.17 1505.0 3.6 5.446181581721891
194 0 11.0 1.17 2228.0 14.8 11.496592485314002
195 0 11.0 1.77 1505.0 14.8 8.625931227956588
196 0 11.0 1.77 2228.0 14.8 11.496585745908567
197 0 333.0 1.77 1505.0 4.0 5.446265389455745
198 0 333.0 1.17 2228.0 4.8 5.945124261238096
199 0 333.0 1.77 2228.0 4.8 5.945135929638674
200 0 347.0 1.92 3505.0 3.6 6.554346839061327
201 0 1734.0 1.92 3505.0 4.8 4.003370981591745
202 0 347.0 1.92 228.0 5.6 4.45906209341828
203 0 347.0 1.02 3505.0 10.8 6.5558893774389055
204 0 347.0 1.02 228.0 3.6 4.458635231889317
205 0 1734.0 1.02 3505.0 4.0 4.00321595818156
206 0 1734.0 1.92 228.0 3.6 3.572077254722821
207 0 1734.0 1.02 228.0 2.8 3.571884107560857
208 0 676.0 0.8 505.0 4.8 4.491066812621318
209 0 142.0 0.8 505.0 4.0 5.981307100845473
210 0 676.0 0.8 1228.0 3.6 4.550909826193885
211 0 676.0 0.64 505.0 4.8 4.491065875934968
212 0 676.0 0.64 1228.0 4.8 4.5509583076304345
213 0 142.0 0.64 505.0 4.8 5.981351950972558
214 0 142.0 0.8 1228.0 6.4 7.015815159301842
215 0 142.0 0.64 1228.0 5.2 7.015754137544517
216 0 151.0 1.55 2505.0 2.8 7.754913861802808
217 0 649.0 1.55 2505.0 4.8 4.483251399812727
218 0 151.0 1.55 3228.0 7.6 9.4437715031244
219 0 151.0 1.39 2505.0 10.8 7.7553121258537665
220 0 151.0 1.39 3228.0 8.8 9.443846744361789
221 0 649.0 1.39 2505.0 5.6 4.483278202707911
222 0 649.0 1.55 3228.0 4.8 4.593430832481658
223 0 649.0 1.39 3228.0 4.8 4.593431569354161
224 0 240.0 1.73 5.0 3.6 4.2376538763899685
225 0 467.0 1.73 5.0 3.6 4.1465159886701475
226 0 240.0 1.73 3728.0 4.8 8.773402007420147
227 0 240.0 1.95 5.0 4.0 4.237679466943144
228 0 240.0 1.95 3728.0 8.8 8.773632369926002
229 0 467.0 1.95 5.0 4.8 4.1465768474374745
230 0 467.0 1.73 3728.0 3.6 5.257556106534027
231 0 467.0 1.95 3728.0 4.8 5.257636119708776
232 0 990.0 0.98 2005.0 3.6 4.096855565616061
233 0 68.0 0.98 2005.0 17.2 9.910727009992314
234 0 990.0 0.98 1728.0 4.8 4.117956413951932
235 0 990.0 1.2 2005.0 3.6 4.096854939975235
236 0 990.0 1.2 1728.0 3.6 4.117890692794394
237 0 68.0 1.2 2005.0 16.4 9.910705968643295
238 0 68.0 0.98 1728.0 8.8 9.022603563212868
239 0 68.0 1.2 1728.0 16.0 9.022876757973462
240 0 485.0 1.36 1005.0 4.8 4.95487042485873
241 0 941.0 1.36 1005.0 3.6 4.147032179892632
242 0 485.0 1.36 728.0 4.8 4.976147301151506
243 0 485.0 0.83 1005.0 4.8 4.954864753079405
244 0 485.0 0.83 728.0 6.8 4.976361488328839
245 0 941.0 0.83 1005.0 3.6 4.147031683996339
246 0 941.0 1.36 728.0 3.2 3.961314998758998
247 0 941.0 0.83 728.0 3.6 3.9613720768679426
248 0 76.0 0.61 3005.0 8.8 10.652613296387093
249 0 228.0 0.61 3005.0 9.6 7.38865189056277
250 0 76.0 0.61 2728.0 12.4 9.408470749860143
251 0 76.0 1.58 3005.0 7.6 10.652181800683143
252 0 76.0 1.58 2728.0 7.6 9.407380435097698
253 0 228.0 1.58 3005.0 4.8 7.387384852593949
254 0 228.0 0.61 2728.0 6.8 6.970059794429067
255 0 228.0 1.58 2728.0 5.6 6.9697305891655486
256 0 112.0 1.27 755.0 5.2 6.969468825698588
257 0 35.0 1.27 755.0 10.8 8.4421111416313
258 0 112.0 1.27 478.0 6.8 6.257108889509413
259 0 112.0 1.3 755.0 4.8 6.969467116668779
260 0 112.0 1.3 478.0 4.0 6.257085908577022
261 0 35.0 1.3 755.0 10.8 8.442112266610355
262 0 35.0 1.27 478.0 10.8 7.406659525025069
263 0 35.0 1.3 478.0 10.8 7.406659998998568
264 0 571.0 0.52 2755.0 5.6 4.702932065181511
265 0 396.0 0.52 2755.0 4.8 5.408804721173413
266 0 571.0 0.52 2478.0 3.6 4.62965094867644
267 0 571.0 0.55 2755.0 4.8 4.702926264048731
268 0 571.0 0.55 2478.0 4.8 4.629659807250283
269 0 396.0 0.55 2755.0 6.8 5.408816780468245
270 0 396.0 0.52 2478.0 6.8 5.288984090643814
271 0 396.0 0.55 2478.0 5.6 5.288976020240574
272 0 1278.0 1.64 1755.0 3.6 4.156363717514682
273 0 183.0 1.64 1755.0 5.6 7.597606532735457
274 0 1278.0 1.64 3478.0 3.6 4.017893526966116
275 0 1278.0 0.92 1755.0 4.8 4.15656710320296
276 0 1278.0 0.92 3478.0 3.6 4.017896612361697
277 0 183.0 0.92 1755.0 5.6 7.597624434336881
278 0 183.0 1.64 3478.0 100.8 9.921649333719367
279 0 183.0 0.92 3478.0 4.8 9.916493538923353
280 0 290.0 0.89 3755.0 4.8 7.437918272029258
281 0 774.0 0.89 3755.0 3.6 4.22601531680462
282 0 290.0 0.89 1478.0 6.8 5.799478280489433
283 0 290.0 1.67 3755.0 7.6 7.438559567980701
284 0 290.0 1.67 1478.0 4.8 5.79911053108155
285 0 774.0 1.67 3755.0 3.6 4.226008262990364
286 0 774.0 0.89 1478.0 4.8 4.29415488192371
287 0 774.0 1.67 1478.0 4.8 4.294154952140579
288 0 193.0 0.7 1255.0 5.6 6.586125194875692
289 0 1194.0 0.7 1255.0 3.6 4.169485528372898
290 0 193.0 0.7 1978.0 4.8 8.015355353651167
291 0 193.0 1.49 1255.0 4.8 6.585955935172864
292 0 193.0 1.49 1978.0 12.4 8.016802456123232
293 0 1194.0 1.49 1255.0 5.6 4.169834411080908
294 0 1194.0 0.7 1978.0 5.6 4.087654841326868
295 0 1194.0 1.49 1978.0 5.2 4.087597140303589
296 0 808.0 1.45 3255.0 3.6 4.3124484199873985
297 0 278.0 1.45 3255.0 17.6 6.958969632219283
298 0 808.0 1.45 3978.0 4.8 4.259260461485033
299 0 808.0 0.74 3255.0 4.8 4.312660393615073
300 0 808.0 0.74 3978.0 4.8 4.259267061012474
301 0 278.0 0.74 3255.0 4.8 6.957477006428788
302 0 278.0 1.45 3978.0 4.8 7.461066471482549
303 0 278.0 0.74 3978.0 4.8 7.461053322385685
304 0 411.0 1.08 255.0 4.8 4.4852349457886485
305 0 550.0 1.08 255.0 5.6 4.409991260231627
306 0 411.0 1.08 2978.0 4.8 5.3733957818123965
307 0 411.0 1.11 255.0 3.6 4.485226069311494
308 0 411.0 1.11 2978.0 5.6 5.37340068300395
309 0 550.0 1.11 255.0 4.8 4.409986308215014
310 0 550.0 1.08 2978.0 3.6 4.74785719913655
311 0 550.0 1.11 2978.0 4.8 4.747866394627037
312 0 42.0 1.83 2255.0 15.6 10.877516042248166
313 0 103.0 1.83 2255.0 10.4 9.600633806628101
314 0 42.0 1.83 978.0 9.6 7.599368692311846
315 0 42.0 1.86 2255.0 6.4 10.877444710400262
316 0 42.0 1.86 978.0 9.6 7.599371779687845
317 0 103.0 1.86 2255.0 6.8 9.60060611550382
318 0 103.0 1.83 978.0 12.8 7.15738653138044
319 0 103.0 1.86 978.0 7.2 7.15735973877372
320 0 59.0 0.56 380.0 15.6 6.6421792156561015
321 0 850.0 0.56 380.0 4.8 4.1126199144358
322 0 59.0 0.56 3103.0 15.6 11.670781968515719
323 0 59.0 0.69 380.0 15.6 6.642181430589545
324 0 59.0 0.69 3103.0 15.6 11.670772884529223
325 0 850.0 0.69 380.0 3.6 4.112584337147373
326 0 850.0 0.56 3103.0 4.8 4.352152561157568
327 0 850.0 0.69 3103.0 4.8 4.352152478215398
328 0 447.0 1.31 2380.0 5.6 5.027540788589065
329 0 205.0 1.31 2380.0 5.6 7.05096674671917
330 0 447.0 1.31 1103.0 4.8 5.086726784736387
331 0 447.0 1.44 2380.0 3.6 5.027470837029851
332 0 447.0 1.44 1103.0 8.8 5.086823062667447
333 0 205.0 1.44 2380.0 4.8 7.050935742811493
334 0 205.0 1.31 1103.0 6.8 6.425952229097484
335 0 205.0 1.44 1103.0 10.4 6.426044215709536
336 0 891.0 0.94 1380.0 4.8 4.29549225656612
337 0 430.0 0.94 1380.0 4.8 4.962249513746168
338 0 891.0 0.94 103.0 3.6 3.85963914464246
339 0 891.0 1.81 1380.0 4.8 4.2954979934411694
340 0 891.0 1.81 103.0 4.8 3.859874757193574
341 0 430.0 1.81 1380.0 4.8 4.962252704445594
342 0 430.0 0.94 103.0 4.8 4.283226620996791
343 0 430.0 1.81 103.0 4.8 4.283228726441571
344 0 216.0 1.69 3380.0 3.6 8.30840450755022
345 0 51.0 1.69 3380.0 13.6 11.519504884817307
346 0 216.0 1.69 2103.0 8.4 7.5475734991684575
347 0 216.0 1.06 3380.0 6.8 8.309203029986524
348 0 216.0 1.06 2103.0 3.6 7.546588041316471
349 0 51.0 1.06 3380.0 14.0 11.519527882399274
350 0 51.0 1.69 2103.0 13.6 10.728535429012757
351 0 51.0 1.06 2103.0 13.2 10.728462519100052
352 0 318.0 1.5 1880.0 7.6 6.299116731410334
353 0 122.0 1.5 1880.0 12.8 8.94203236731317
354 0 318.0 1.5 2603.0 7.6 5.858594304064493
355 0 318.0 0.5 1880.0 5.6 6.298669087022848
356 0 318.0 0.5 2603.0 5.6 5.858186235303549
357 0 122.0 0.5 1880.0 12.8 8.942018242506874
358 0 122.0 1.5 2603.0 12.8 8.63925782049389
359 0 122.0 0.5 2603.0 7.6 8.638201459384122
360 0 1525.0 0.75 3880.0 3.6 3.945640654570752
361 0 597.0 0.75 3880.0 5.6 4.689696618018829
362 0 1525.0 0.75 603.0 2.8 3.6973034649884107
363 0 1525.0 1.25 3880.0 4.8 3.9457738604473764
364 0 1525.0 1.25 603.0 3.6 3.6974148837758603
365 0 597.0 1.25 3880.0 4.8 4.689603662787445
366 0 597.0 0.75 603.0 5.6 4.620340292889333
367 0 597.0 1.25 603.0 4.8 4.62025726010825
368 0 621.0 1.87 880.0 4.8 4.6127796329052355
369 0 305.0 1.87 880.0 4.8 5.75531016660175
370 0 621.0 1.87 1603.0 3.6 4.4519672802042605
371 0 621.0 1.63 880.0 4.8 4.612777437174592
372 0 621.0 1.63 1603.0 4.8 4.452039956965886
373 0 305.0 1.63 880.0 6.0 5.755377161730189
374 0 305.0 1.87 1603.0 4.8 5.703965639858932
375 0 305.0 1.63 1603.0 4.8 5.703961593461948
376 0 131.0 1.12 2880.0 11.6 8.801068236758068
377 0 1394.0 1.12 2880.0 3.6 4.081342481323427
378 0 131.0 1.12 3603.0 24.0 11.36374697933972
379 0 131.0 0.88 2880.0 33.5999999999999 8.801602158792948
380 0 131.0 0.88 3603.0 30.0 11.363877505786679
381 0 1394.0 0.88 2880.0 3.6 4.081342903561027
382 0 1394.0 1.12 3603.0 4.0 4.029703494059176
383 0 1394.0 0.88 3603.0 4.0 4.029703929505247
384 0 94.0 1.97 1130.0 7.2 7.358586508461724
385 0 506.0 1.97 1130.0 4.8 4.856476240476801
386 0 94.0 1.97 1353.0 14.8 7.694566565892399
387 0 94.0 1.16 1130.0 5.6 7.358241392482188
388 0 94.0 1.16 1353.0 5.2 7.692997362768943
389 0 506.0 1.16 1130.0 4.8 4.856468693920295
390 0 506.0 1.97 1353.0 4.8 4.716012743328549
391 0 506.0 1.16 1353.0 4.8 4.716005405351767
392 0 526.0 1.22 3130.0 3.6 4.894720804389392
393 0 85.0 1.22 3130.0 24.4 11.246065220907838
394 0 526.0 1.22 3353.0 4.8 4.973687639063555
395 0 526.0 1.91 3130.0 4.8 4.894936644000893
396 0 526.0 1.91 3353.0 5.6 4.973811234924657
397 0 85.0 1.91 3130.0 14.4 11.24497392606175
398 0 85.0 1.22 3353.0 23.6 11.127635746537162
399 0 85.0 1.91 3353.0 16.0 11.126905882065204
400 0 1113.0 1.59 130.0 4.8 3.9239834352258742
401 0 1051.0 1.59 130.0 4.8 3.9205627700474768
402 0 1113.0 1.59 2353.0 5.6 4.070956772774396
403 0 1113.0 1.53 130.0 4.4 3.923978292078154
404 0 1113.0 1.53 2353.0 3.6 4.0709312239518445
405 0 1051.0 1.53 130.0 4.8 3.920562419762479
406 0 1051.0 1.59 2353.0 3.6 4.095427837602653
407 0 1051.0 1.53 2353.0 3.6 4.095427971470596
408 0 264.0 0.84 2130.0 5.6 6.711516800920879
409 0 253.0 0.84 2130.0 5.6 6.872178553954397
410 0 264.0 0.84 353.0 2.8 4.793603423977292
411 0 264.0 0.78 2130.0 3.6 6.711473054787901
412 0 264.0 0.78 353.0 5.6 4.793650465310237
413 0 253.0 0.78 2130.0 4.8 6.872161711857765
414 0 253.0 0.84 353.0 3.6 4.828128821707799
415 0 253.0 0.78 353.0 3.6 4.828128640331174
416 0 172.0 1.03 630.0 5.2 6.032211253289265
417 0 162.0 1.03 630.0 6.4 6.134727252278137
418 0 172.0 1.03 853.0 7.2 6.6734019107769935
419 0 172.0 0.97 630.0 5.6 6.0322169402948465
420 0 172.0 0.97 853.0 10.4 6.673434007376172
421 0 162.0 0.97 630.0 5.6 6.134714718726644
422 0 162.0 1.03 853.0 5.6 6.733472735367275
423 0 162.0 0.97 853.0 6.4 6.733482548617338
424 0 738.0 1.78 2630.0 5.6 4.250509743744605
425 0 708.0 1.78 2630.0 3.6 4.305612291420011
426 0 738.0 1.78 2853.0 3.6 4.336144956517115
427 0 738.0 1.72 2630.0 3.6 4.25048260151431
428 0 738.0 1.72 2853.0 4.8 4.336162724349549
429 0 708.0 1.72 2630.0 3.6 4.305612322898071
430 0 708.0 1.78 2853.0 4.8 4.382269217471649
431 0 708.0 1.72 2853.0 3.6 4.382251357296646
432 0 378.0 0.66 1630.0 4.8 5.237175555322
433 0 19.0 0.66 1630.0 10.8 9.255727902146912
434 0 378.0 0.66 3853.0 6.8 6.073035349989284
435 0 378.0 1.34 1630.0 6.0 5.237341911219214
436 0 378.0 1.34 3853.0 4.8 6.072676229498875
437 0 19.0 1.34 1630.0 10.8 9.2557414624755
438 0 19.0 0.66 3853.0 11.6 12.22113061762615
439 0 19.0 1.34 3853.0 10.8 12.220972324668471
440 0 26.0 1.41 3630.0 14.0 12.751415459562399
441 0 363.0 1.41 3630.0 5.6 6.307968254589861
442 0 26.0 1.41 1853.0 11.6 9.736283751702977
443 0 26.0 0.59 3630.0 6.4 12.749381521251394
444 0 26.0 0.59 1853.0 11.6 9.736315089749496
445 0 363.0 0.59 3630.0 5.6 6.308002112275257
446 0 363.0 1.41 1853.0 3.6 5.804008294605385
447 0 363.0 0.59 1853.0 6.8 5.804730586282498
448 0 34.0 1.66 568.0 15.6 7.887686487969088
449 0 1284.0 1.66 568.0 4.8 3.8385501510697426
450 0 34.0 1.66 2666.0 15.6 10.170976152929965
451 0 34.0 0.81 568.0 15.6 7.887685058410458
452 0 34.0 0.81 2666.0 15.2 10.170963096704368
453 0 1284.0 0.81 568.0 3.6 3.8383248302651234
454 0 1284.0 1.66 2666.0 5.6 4.225051717902293
455 0 1284.0 0.81 2666.0 4.8 4.224922678003883
456 0 394.0 0.91 2568.0 4.8 5.266778330090924
457 0 291.0 0.91 2568.0 4.8 6.085868545213288
458 0 394.0 0.91 666.0 4.8 5.136411783584078
459 0 394.0 1.56 2568.0 3.6 5.266533048374352
460 0 394.0 1.56 666.0 6.8 5.136682270880548
461 0 291.0 1.56 2568.0 15.6 6.0869664432504225
462 0 291.0 0.91 666.0 4.8 5.472422214107199
463 0 291.0 1.56 666.0 5.6 5.472562951763212
464 0 772.0 1.29 1568.0 4.8 4.232964688264311
465 0 573.0 1.29 1568.0 5.6 4.5660757626361415
466 0 772.0 1.29 1666.0 4.8 4.257909301869856
467 0 772.0 1.93 1568.0 2.8 4.232618883435804
468 0 772.0 1.93 1666.0 4.8 4.257906878848717
469 0 573.0 1.93 1568.0 4.8 4.565967729775641
470 0 573.0 1.29 1666.0 4.8 4.595012607451141
471 0 573.0 1.93 1666.0 4.8 4.595012745830213
472 0 182.0 0.54 3568.0 7.6 10.068383121607367
473 0 113.0 0.54 3568.0 10.8 11.32239511422882
474 0 182.0 0.54 3666.0 4.8 10.195019991442921
475 0 182.0 1.18 3568.0 16.8 10.069623265649598
476 0 182.0 1.18 3666.0 7.2 10.195686887500104
477 0 113.0 1.18 3568.0 9.6 11.322264575690397
478 0 113.0 0.54 3666.0 8.0 11.79539958128385
479 0 113.0 1.18 3666.0 10.8 11.796018595955555
480 0 277.0 1.1 1068.0 4.8 5.879658779229853
481 0 43.0 1.1 1068.0 8.8 7.656601950351034
482 0 277.0 1.1 3166.0 8.8 6.866183344823167
483 0 277.0 0.62 1068.0 5.6 5.879751793832237
484 0 277.0 0.62 3166.0 5.6 6.865866512968253
485 0 43.0 0.62 1068.0 8.8 7.656631617922727
486 0 43.0 1.1 3166.0 15.2 12.076074971144905
487 0 43.0 0.62 3166.0 16.8 12.076263512828877
488 0 1189.0 1.85 3068.0 3.6 4.059617187400729
489 0 412.0 1.85 3068.0 4.8 5.377195482023998
490 0 1189.0 1.85 1166.0 4.8 4.175265091997668
491 0 1189.0 1.37 3068.0 3.6 4.059618201097321
492 0 1189.0 1.37 1166.0 4.8 4.1752630850233885
493 0 412.0 1.37 3068.0 4.8 5.377182811430279
494 0 412.0 1.85 1166.0 4.8 5.136269875260148
495 0 412.0 1.37 1166.0 3.6 5.136097340814525
496 0 548.0 0.73 68.0 3.6 4.171993447636693
497 0 194.0 0.73 68.0 2.8 4.318429827187169
498 0 548.0 0.73 166.0 3.6 4.3455545470964285
499 0 548.0 1.74 68.0 3.6 4.171996236950771
500 0 548.0 1.74 166.0 5.6 4.346013654801642
501 0 194.0 1.74 68.0 4.8 4.318943378293393
502 0 194.0 0.73 166.0 2.8 4.523107945309513
503 0 194.0 1.74 166.0 4.8 4.523685633435389
504 0 103.0 1.48 2068.0 7.6 9.623844782433913
505 0 811.0 1.48 2068.0 4.8 4.397835019117816
506 0 103.0 1.48 2166.0 20.4 9.906122648567106
507 0 103.0 0.99 2068.0 6.8 9.623699350093457
508 0 103.0 0.99 2166.0 7.6 9.904940796738043
509 0 811.0 0.99 2068.0 4.8 4.397835421017778
510 0 811.0 1.48 2166.0 3.6 4.4362555817204505
511 0 811.0 0.99 2166.0 6.8 4.436586569091613
512 0 141.0 0.82 1818.0 9.6 8.587615730248405
513 0 348.0 0.82 1818.0 9.6 5.930841787350639
514 0 141.0 0.82 916.0 11.2 6.845560246951504
515 0 141.0 1.09 1818.0 14.4 8.587841078827347
516 0 141.0 1.09 916.0 6.0 6.845298515517895
517 0 348.0 1.09 1818.0 5.6 5.9306317153885075
518 0 348.0 0.82 916.0 4.8 5.519792481680978
519 0 348.0 1.09 916.0 4.8 5.519801314016259
520 0 648.0 1.57 3818.0 4.8 4.51203868984049
521 0 11.0 1.57 3818.0 14.8 12.43479053122681
522 0 648.0 1.57 2916.0 6.8 4.540189438274005
523 0 648.0 1.84 3818.0 4.8 4.512036478952406
524 0 648.0 1.84 2916.0 4.8 4.54008639844709
525 0 11.0 1.84 3818.0 14.8 12.434782321073653
526 0 11.0 1.57 2916.0 14.8 11.398412365137228
527 0 11.0 1.84 2916.0 14.8 11.398403081129354
528 0 1719.0 1.2 818.0 4.8 3.7442204453632977
529 0 678.0 1.2 818.0 4.0 4.4290400755440436
530 0 1719.0 1.2 3916.0 4.0 3.919226515230032
531 0 1719.0 1.46 818.0 2.8 3.7440960360088895
532 0 1719.0 1.46 3916.0 3.6 3.9192007884928253
533 0 678.0 1.46 818.0 5.6 4.429135722667924
534 0 678.0 1.2 3916.0 4.8 4.429712123592522
535 0 678.0 1.46 3916.0 2.8 4.429561404640547
536 0 332.0 1.95 2818.0 3.6 5.93549771250306
537 0 152.0 1.95 2818.0 13.2 8.174476942866441
538 0 332.0 1.95 1916.0 6.8 6.1668778313110675
539 0 332.0 0.71 2818.0 5.6 5.936287604689651
540 0 332.0 0.71 1916.0 6.8 6.166872826174418
541 0 152.0 0.71 2818.0 8.4 8.173480884295149
542 0 152.0 1.95 1916.0 8.8 8.57825857050376
543 0 152.0 0.71 1916.0 8.4 8.578110791686603
544 0 228.0 1.38 318.0 4.8 4.856378516092707
545 0 240.0 1.38 318.0 3.6 4.8004695751100375
546 0 228.0 1.38 1416.0 4.8 6.33770369189939
547 0 228.0 0.9 318.0 4.8 4.856376958706827
548 0 228.0 0.9 1416.0 8.0 6.338060077617278
549 0 240.0 0.9 318.0 4.8 4.800621096209756
550 0 240.0 1.38 1416.0 6.4 6.221321597799147
551 0 240.0 0.9 1416.0 5.6 6.221224920389136
552 0 938.0 0.63 2318.0 5.6 4.257230035457449
553 0 993.0 0.63 2318.0 3.6 4.169028916254828
554 0 938.0 0.63 3416.0 3.6 4.1773009679480575
555 0 938.0 1.65 2318.0 5.6 4.257225514381068
556 0 938.0 1.65 3416.0 4.8 4.177585492217881
557 0 993.0 1.65 2318.0 4.8 4.169313222755157
558 0 993.0 0.63 3416.0 3.6 4.124295363341285
559 0 993.0 1.65 3416.0 3.6 4.124291668994842
560 0 465.0 1.76 1318.0 3.6 4.808709454759524
561 0 76.0 1.76 1318.0 7.6 7.7535152010949515
562 0 465.0 1.76 2416.0 4.8 4.955256453735877
563 0 465.0 1.27 1318.0 3.6 4.8087034702050815
564 0 465.0 1.27 2416.0 4.8 4.9552595818509095
565 0 76.0 1.27 1318.0 7.6 7.75349469736396
566 0 76.0 1.76 2416.0 7.2 9.212265072985408
567 0 76.0 1.27 2416.0 7.6 9.212348225232725
568 0 67.0 1.01 3318.0 10.8 11.371916403321855
569 0 486.0 1.01 3318.0 4.8 5.124020657228738
570 0 67.0 1.01 416.0 4.8 6.657042171336175
571 0 67.0 0.52 3318.0 10.0 11.37187247987009
572 0 67.0 0.52 416.0 4.8 6.6570222049311685
573 0 486.0 0.52 3318.0 4.8 5.124029887497074
574 0 486.0 1.01 416.0 4.8 4.5821137993673
575 0 486.0 0.52 416.0 4.4 4.582063626869263
576 0 50.0 1.62 1443.0 4.8 8.03196908452342
577 0 217.0 1.62 1443.0 4.8 6.467817111375267
578 0 50.0 1.62 3541.0 5.6 11.668549911348967
579 0 50.0 1.7 1443.0 4.8 8.03197044951981
580 0 50.0 1.7 3541.0 8.4 11.668643580294358
581 0 217.0 1.7 1443.0 10.8 6.467918354109755
582 0 217.0 1.62 3541.0 7.6 9.19003056222582
583 0 217.0 1.7 3541.0 9.2 9.190062472394851
584 0 429.0 0.87 3443.0 4.8 5.596796765069549
585 0 894.0 0.87 3443.0 4.0 4.2291124170914705
586 0 429.0 0.87 1541.0 5.6 4.988132336714662
587 0 429.0 0.95 3443.0 3.6 5.5967638122062455
588 0 429.0 0.95 1541.0 5.6 4.988131607589768
589 0 894.0 0.95 3443.0 4.8 4.229126679087311
590 0 894.0 0.87 1541.0 3.6 4.189017896571352
591 0 894.0 0.95 1541.0 4.8 4.1890405777359865
592 0 848.0 1.99 443.0 4.8 4.159713551037234
593 0 59.0 1.99 443.0 15.6 6.959603253050373
594 0 848.0 1.99 541.0 4.8 4.169225231098942
595 0 848.0 0.57 443.0 4.8 4.15971156197936
596 0 848.0 0.57 541.0 4.8 4.169220741446569
597 0 59.0 0.57 443.0 15.6 6.9595743470377
598 0 59.0 1.99 541.0 15.6 7.380906833652781
599 0 59.0 0.57 541.0 15.2 7.380801746005748
600 0 204.0 1.24 2443.0 4.8 6.910361155761746
601 0 448.0 1.24 2443.0 4.8 5.024999598293236
602 0 204.0 1.24 2541.0 3.6 7.038162955246867
603 0 204.0 1.32 2443.0 7.6 6.910422336968425
604 0 204.0 1.32 2541.0 7.6 7.038262007646326
605 0 448.0 1.32 2443.0 4.8 5.02499849701369
606 0 448.0 1.24 2541.0 4.8 5.0598790116030825
607 0 448.0 1.32 2541.0 6.8 5.059909492246857
608 0 304.0 0.68 943.0 4.8 5.714410661058672
609 0 622.0 0.68 943.0 4.8 4.624575524298446
610 0 304.0 0.68 2041.0 5.6 6.377583568427958
611 0 304.0 1.88 943.0 3.6 5.713978666834324
612 0 304.0 1.88 2041.0 4.8 6.377334335928291
613 0 622.0 1.88 943.0 5.6 4.6247866750072495
614 0 622.0 0.68 2041.0 6.8 4.670419554260499
615 0 622.0 1.88 2041.0 5.6 4.670161471695335
616 0 1386.0 1.43 2943.0 3.6 4.070511038533437
617 0 132.0 1.43 2943.0 5.6 9.02688318432553
618 0 1386.0 1.43 41.0 3.6 3.773286996813129
619 0 1386.0 1.13 2943.0 4.8 4.070594849942999
620 0 1386.0 1.13 41.0 4.8 3.773363554405837
621 0 132.0 1.13 2943.0 14.4 9.027508152301053
622 0 132.0 1.43 41.0 5.6 4.521960894760873
623 0 132.0 1.13 41.0 5.6 4.521957700174689
624 0 595.0 1.05 1943.0 4.8 4.616436804384649
625 0 1535.0 1.05 1943.0 4.8 4.010916850180434
626 0 595.0 1.05 1041.0 4.4 4.655054245090606
627 0 595.0 0.76 1943.0 5.6 4.616487757802856
628 0 595.0 0.76 1041.0 4.8 4.655081329359698
629 0 1535.0 0.76 1943.0 2.8 4.010767792513559
630 0 1535.0 1.05 1041.0 4.8 3.9506432078000606
631 0 1535.0 0.76 1041.0 2.8 3.950496289999617
632 0 122.0 1.8 3943.0 53.599999999999895 11.060246600876354
633 0 319.0 1.8 3943.0 5.6 6.864596928456054
634 0 122.0 1.8 3041.0 12.8 9.898467114092162
635 0 122.0 1.51 3943.0 45.599999999999895 11.060125923503636
636 0 122.0 1.51 3041.0 12.8 9.898518004733036
637 0 319.0 1.51 3943.0 11.6 6.864937017693224
638 0 319.0 1.8 3041.0 14.0 6.21602052499727
639 0 319.0 1.51 3041.0 5.6 6.215645559955191
640 0 85.0 0.96 193.0 3.6 5.142617994483719
641 0 94.0 0.96 193.0 5.6 5.090006930237597
642 0 85.0 0.96 1791.0 14.8 9.179354472466999
643 0 85.0 1.41 193.0 4.8 5.142779341814179
644 0 85.0 1.41 1791.0 14.8 9.179352516212047
645 0 94.0 1.41 193.0 5.6 5.090014566653829
646 0 94.0 0.96 1791.0 9.2 9.08782991958232
647 0 94.0 1.41 1791.0 14.8 9.08827835845902
648 0 505.0 1.71 2193.0 3.6 4.8924837243548405
649 0 528.0 1.71 2193.0 4.8 4.836596205806593
650 0 505.0 1.71 3791.0 3.6 5.027971711409497
651 0 505.0 0.66 2193.0 4.8 4.892827158555022
652 0 505.0 0.66 3791.0 4.8 5.028346392178478
653 0 528.0 0.66 2193.0 4.8 4.8365957133286255
654 0 528.0 1.71 3791.0 4.8 4.923404259290137
655 0 528.0 0.66 3791.0 4.8 4.923424857345928
656 0 1048.0 0.59 1193.0 4.0 4.208011708239339
657 0 265.0 0.59 1193.0 5.6 6.000968554613153
658 0 1048.0 0.59 2791.0 3.6 4.1265677576001
659 0 1048.0 1.04 1193.0 4.0 4.208016076287709
660 0 1048.0 1.04 2791.0 4.8 4.126693448749241
661 0 265.0 1.04 1193.0 4.8 6.000874210524253
662 0 265.0 0.59 2791.0 12.8 6.704165411236785
663 0 265.0 1.04 2791.0 9.6 6.70395016605644
664 0 252.0 1.34 3193.0 6.8 7.270725926662801
665 0 1117.0 1.34 3193.0 4.8 4.111910056567236
666 0 252.0 1.34 791.0 5.6 6.0276621239312425
667 0 252.0 1.79 3193.0 3.6 7.270208745136373
668 0 252.0 1.79 791.0 4.8 6.027543592632916
669 0 1117.0 1.79 3193.0 3.6 4.111782921119039
670 0 1117.0 1.34 791.0 5.6 3.922801871092302
671 0 1117.0 1.79 791.0 3.6 3.9226187749618804
672 0 161.0 1.9 1693.0 5.6 7.55004694611947
673 0 740.0 1.9 1693.0 3.6 4.281873792362417
674 0 161.0 1.9 291.0 8.8 5.162577213305766
675 0 161.0 1.6 1693.0 6.0 7.550102377593259
676 0 161.0 1.6 291.0 6.0 5.162427510730705
677 0 740.0 1.6 1693.0 4.8 4.281962448507344
678 0 740.0 1.9 291.0 4.8 4.183861022550686
679 0 740.0 1.6 291.0 3.6 4.183773365574211
680 0 706.0 1.15 3693.0 4.8 4.428416811731678
681 0 172.0 1.15 3693.0 37.1999999999999 10.6196023358644
682 0 706.0 1.15 2291.0 4.8 4.512365486914241
683 0 706.0 0.85 3693.0 4.8 4.428420563012152
684 0 706.0 0.85 2291.0 4.8 4.51236770285546
685 0 172.0 0.85 3693.0 21.2 10.619142030487847
686 0 172.0 1.15 2291.0 11.6 8.04914257105313
687 0 172.0 0.85 2291.0 8.8 8.048975021771042
688 0 362.0 1.52 693.0 3.6 5.272233295314416
689 0 379.0 1.52 693.0 6.8 5.228220259256192
690 0 362.0 1.52 3291.0 5.6 5.941110061284117
691 0 362.0 1.23 693.0 5.6 5.2723882512908835
692 0 362.0 1.23 3291.0 5.6 5.941112391071579
693 0 379.0 1.23 693.0 4.8 5.228092254996985
694 0 379.0 1.52 3291.0 3.6 5.780298973706503
695 0 379.0 1.23 3291.0 5.6 5.780476781330267
696 0 18.0 0.77 2693.0 7.2 10.394965914672742
697 0 27.0 0.77 2693.0 22.4 10.29155294235461
698 0 18.0 0.77 1291.0 3.6 8.011272948721736
699 0 18.0 1.98 2693.0 6.0 10.394285765538791
700 0 18.0 1.98 1291.0 4.8 8.01195278034076
701 0 27.0 1.98 2693.0 13.2 10.289919587611571
702 0 27.0 0.77 1291.0 7.6 7.972073063573633
703 0 27.0 1.98 1291.0 7.6 7.9721388543886125
704 0 22.0 1.44 99.0 2.8 5.055912712773028
705 0 538.0 1.44 99.0 4.8 4.2485051259042965
706 0 22.0 1.44 634.0 3.6 8.054137870008331
707 0 22.0 1.5 99.0 2.8 5.055913121559871
708 0 22.0 1.5 634.0 3.6 8.054136655895455
709 0 538.0 1.5 99.0 4.8 4.248505219947411
710 0 538.0 1.44 634.0 5.6 4.740387011622063
711 0 538.0 1.5 634.0 3.6 4.740357335605532
712 0 370.0 0.69 2099.0 4.8 5.618211819999667
713 0 99.0 0.69 2099.0 14.0 9.860998385897455
714 0 370.0 0.69 2634.0 5.6 5.471465660019197
715 0 370.0 0.75 2099.0 4.8 5.618211669115893
716 0 370.0 0.75 2634.0 4.8 5.471451725397916
717 0 99.0 0.75 2099.0 8.8 9.860940716944931
718 0 99.0 0.69 2634.0 14.4 9.077780177725122
719 0 99.0 0.75 2634.0 9.6 9.077728639269406
720 0 721.0 1.82 1099.0 4.8 4.491135794052411
721 0 1154.0 1.82 1099.0 4.0 4.144178796888243
722 0 721.0 1.82 3634.0 4.8 4.452214645484325
723 0 721.0 1.12 1099.0 4.8 4.491133244568732
724 0 721.0 1.12 3634.0 4.8 4.452221110856873
725 0 1154.0 1.12 1099.0 4.8 4.144301013237454
726 0 1154.0 1.82 3634.0 3.6 4.033283438830624
727 0 1154.0 1.12 3634.0 4.8 4.0334781089575955
728 0 166.0 1.07 3099.0 9.6 8.981830052663982
729 0 272.0 1.07 3099.0 4.8 6.824424452135441
730 0 166.0 1.07 1634.0 9.2 7.202746103458919
731 0 166.0 1.87 3099.0 5.6 8.980834105940515
732 0 166.0 1.87 1634.0 3.6 7.20146315813158
733 0 272.0 1.87 3099.0 5.6 6.82458249017628
734 0 272.0 1.07 1634.0 4.8 6.04737985663315
735 0 272.0 1.87 1634.0 7.2 6.0478409756722655
736 0 258.0 0.5 1599.0 6.8 6.13597182143424
737 0 178.0 0.5 1599.0 5.6 6.977484705903496
738 0 258.0 0.5 1134.0 7.6 6.044882163242238
739 0 258.0 1.31 1599.0 4.8 6.135552543637422
740 0 258.0 1.31 1134.0 4.8 6.04436308327844
741 0 178.0 1.31 1599.0 6.8 6.977715975242986
742 0 178.0 0.5 1134.0 5.6 6.655270773882064
743 0 178.0 1.31 1134.0 5.6 6.655294524771986
744 0 1079.0 1.25 3599.0 3.6 4.060633734728144
745 0 757.0 1.25 3599.0 3.6 4.399952158665677
746 0 1079.0 1.25 3134.0 4.8 4.1327673430381955
747 0 1079.0 0.56 3599.0 4.8 4.060828589079409
748 0 1079.0 0.56 3134.0 3.6 4.132575201650132
749 0 757.0 0.56 3599.0 4.8 4.400163256804501
750 0 757.0 1.25 3134.0 4.8 4.431002075045892
751 0 757.0 0.56 3134.0 4.8 4.431006650895884
752 0 516.0 0.88 599.0 4.8 4.758921391793508
753 0 31.0 0.88 599.0 14.8 7.986587885993302
754 0 516.0 0.88 2134.0 4.8 4.837551669495625
755 0 516.0 0.93 599.0 5.6 4.758930346335794
756 0 516.0 0.93 2134.0 3.6 4.8375347334305765
757 0 31.0 0.93 599.0 14.8 7.986589098643677
758 0 31.0 0.88 2134.0 14.8 11.161703520342792
759 0 31.0 0.93 2134.0 14.8 11.161709367950053
760 0 89.0 1.63 2599.0 8.8 9.169353485488163
761 0 387.0 1.63 2599.0 4.8 5.317029286183481
762 0 89.0 1.63 134.0 2.8 4.796549468030589
763 0 89.0 1.68 2599.0 11.6 9.169381340253405
764 0 89.0 1.68 134.0 2.8 4.796550342608054
765 0 387.0 1.68 2599.0 3.6 5.3170110916476085
766 0 387.0 1.63 134.0 4.8 4.306557389177738
767 0 387.0 1.68 134.0 3.6 4.306542773954296
768 0 126.0 0.97 1349.0 14.4 7.46592880995311
769 0 917.0 0.97 1349.0 3.6 4.281358332658765
770 0 126.0 0.97 2884.0 2.8 8.879814609816226
771 0 126.0 1.97 1349.0 21.6 7.466692741437102
772 0 126.0 1.97 2884.0 10.0 8.88217697684569
773 0 917.0 1.97 1349.0 4.8 4.281653324481897
774 0 917.0 0.97 2884.0 4.8 4.211858182234289
775 0 917.0 1.97 2884.0 4.8 4.21185687105197
776 0 608.0 1.72 3349.0 5.6 4.711300656481861
777 0 222.0 1.72 3349.0 3.6 8.04576508028411
778 0 608.0 1.72 884.0 4.8 4.647798506666343
779 0 608.0 1.22 3349.0 4.8 4.71121696773454
780 0 608.0 1.22 884.0 4.8 4.6477930563957495
781 0 222.0 1.22 3349.0 8.8 8.046630829921602
782 0 222.0 1.72 884.0 6.4 6.302092468402013
783 0 222.0 1.22 884.0 5.6 6.301976152359681
784 0 1451.0 0.6 349.0 3.6 3.7082621573777166
785 0 457.0 0.6 349.0 2.8 4.513440515833372
786 0 1451.0 0.6 1884.0 3.6 4.0465680565782325
787 0 1451.0 0.84 349.0 2.8 3.7082098204556537
788 0 1451.0 0.84 1884.0 4.8 4.0466345120511695
789 0 457.0 0.84 349.0 4.8 4.513580915598615
790 0 457.0 0.6 1884.0 3.6 5.086418075981051
791 0 457.0 0.84 1884.0 5.6 5.086543562137661
792 0 311.0 1.35 2349.0 4.8 5.886275779095929
793 0 64.0 1.35 2349.0 11.2 9.933055339939324
794 0 311.0 1.35 3884.0 7.6 6.969931155022015
795 0 311.0 1.59 2349.0 6.8 5.886396936329393
796 0 311.0 1.59 3884.0 3.6 6.969634404660168
797 0 64.0 1.59 2349.0 12.4 9.933086151833153
798 0 64.0 1.35 3884.0 22.0 11.869421672546054
799 0 64.0 1.59 3884.0 9.2 11.868813395269028
800 0 210.0 1.91 849.0 9.2 6.420628261046802
801 0 137.0 1.91 849.0 9.2 6.925224509179459
802 0 210.0 1.91 3384.0 8.8 8.476575301044113
803 0 210.0 1.78 849.0 8.8 6.42061764284165
804 0 210.0 1.78 3384.0 8.8 8.476567556579804
805 0 137.0 1.78 849.0 7.2 6.92516683319508
806 0 137.0 1.91 3384.0 33.1999999999999 10.320981780323239
807 0 137.0 1.78 3384.0 22.8 10.320865831076485
808 0 869.0 1.16 2849.0 3.6 4.200628759678798
809 0 636.0 1.16 2849.0 3.6 4.53477311996864
810 0 869.0 1.16 1384.0 4.8 4.306483873272082
811 0 869.0 1.03 2849.0 3.6 4.200629127221476
812 0 869.0 1.03 1384.0 3.6 4.3064448112529
813 0 636.0 1.03 2849.0 5.6 4.534836518242533
814 0 636.0 1.16 1384.0 4.8 4.50783962970299
815 0 636.0 1.03 1384.0 5.6 4.507861064903342
816 0 438.0 1.53 1849.0 6.8 5.2421907468366244
817 0 326.0 1.53 1849.0 4.8 6.181079170566569
818 0 438.0 1.53 384.0 4.8 4.592968045609184
819 0 438.0 0.65 1849.0 6.0 5.242057906597386
820 0 438.0 0.65 384.0 4.8 4.592954291572876
821 0 326.0 0.65 1849.0 4.8 6.181095098988418
822 0 326.0 1.53 384.0 6.0 4.762274885419716
823 0 326.0 0.65 384.0 4.8 4.762042422662689
824 0 55.0 0.78 3849.0 11.2 12.024583362152827
825 0 1625.0 0.78 3849.0 3.6 3.935166883022783
826 0 55.0 0.78 2384.0 9.6 9.805168221592751
827 0 55.0 1.4 3849.0 16.4 12.025236658460738
828 0 55.0 1.4 2384.0 10.0 9.805218848487275
829 0 1625.0 1.4 3849.0 4.8 3.935331478605251
830 0 1625.0 0.78 2384.0 6.0 4.16195114974222
831 0 1625.0 1.4 2384.0 4.8 4.161813589627592
832 0 72.0 1.77 1974.0 20.8 9.723073699582338
833 0 15.0 1.77 1974.0 4.8 10.1225421946407
834 0 72.0 1.77 1509.0 14.4 8.013064084153598
835 0 72.0 0.98 1974.0 8.8 9.721505623209937
836 0 72.0 0.98 1509.0 5.6 8.011628769985242
837 0 15.0 0.98 1974.0 5.6 10.122821431587154
838 0 15.0 1.77 1509.0 4.8 8.577629069776602
839 0 15.0 0.98 1509.0 6.8 8.578150356084693
840 0 475.0 1.02 3974.0 5.6 5.344398696690595
841 0 356.0 1.02 3974.0 5.6 6.3404558849294945
842 0 475.0 1.02 3509.0 5.6 5.336996287748585
843 0 475.0 1.73 3974.0 5.6 5.344394118636973
844 0 475.0 1.73 3509.0 6.8 5.3371624423963615
845 0 356.0 1.73 3974.0 3.6 6.339984296738946
846 0 356.0 1.02 3509.0 5.6 6.433704309681169
847 0 356.0 1.73 3509.0 5.6 6.433641680248211
848 0 963.0 1.39 974.0 5.6 4.124805237321117
849 0 157.0 1.39 974.0 9.6 6.766498717525912
850 0 963.0 1.39 2509.0 4.8 4.119259063784133
851 0 963.0 1.36 974.0 3.6 4.1247921631867825
852 0 963.0 1.36 2509.0 3.6 4.119250733538399
853 0 157.0 1.36 974.0 6.8 6.7664804731971255
854 0 157.0 1.39 2509.0 5.6 7.669066594708105
855 0 157.0 1.36 2509.0 5.6 7.669068178707985
856 0 234.0 0.64 2974.0 4.8 7.229580854339017
857 0 692.0 0.64 2974.0 4.8 4.481144806137512
858 0 234.0 0.64 509.0 7.2 5.396812788151927
859 0 234.0 0.61 2974.0 29.2 7.229679629702968
860 0 234.0 0.61 509.0 6.8 5.396810802046378
861 0 692.0 0.61 2974.0 4.8 4.481145134866021
862 0 692.0 0.64 509.0 4.8 4.473914322553274
863 0 692.0 0.61 509.0 5.6 4.473918941665333
864 0 340.0 1.21 474.0 3.6 4.893736042082273
865 0 1021.0 1.21 474.0 3.6 3.873096819851783
866 0 340.0 1.21 9.0 3.6 4.147705472141093
867 0 340.0 1.17 474.0 3.6 4.893735422324469
868 0 340.0 1.17 9.0 3.6 4.147705525343322
869 0 1021.0 1.17 474.0 2.8 3.8730875111343663
870 0 1021.0 1.21 9.0 3.6 3.8305816968920494
871 0 1021.0 1.17 9.0 3.6 3.8305815432332273
872 0 1854.0 1.96 2474.0 3.6 3.9745917174824363
873 0 246.0 1.96 2474.0 4.8 6.380376361192896
874 0 1854.0 1.96 2009.0 4.0 3.94322392530279
875 0 1854.0 1.92 2474.0 3.6 3.97459186563065
876 0 1854.0 1.92 2009.0 4.0 3.94322394757792
877 0 246.0 1.92 2474.0 6.8 6.380395754543314
878 0 246.0 1.96 2009.0 10.4 7.319849833936642
879 0 246.0 1.92 2009.0 8.8 7.31983668791352
880 0 661.0 0.83 1474.0 2.8 4.379851193480087
881 0 496.0 0.83 1474.0 2.8 4.70763912452681
882 0 661.0 0.83 3009.0 4.8 4.53766846806733
883 0 661.0 1.54 1474.0 4.8 4.380239440857498
884 0 661.0 1.54 3009.0 4.8 4.53766076439643
885 0 496.0 1.54 1474.0 4.8 4.708064316024922
886 0 496.0 0.83 3009.0 5.6 4.965240464940368
887 0 496.0 1.54 3009.0 4.8 4.965099755752322
888 0 146.0 1.58 3474.0 31.2 10.55355841231524
889 0 81.0 1.58 3474.0 9.2 11.108157373871773
890 0 146.0 1.58 1009.0 12.4 6.912388152944004
891 0 146.0 0.79 3474.0 13.6 10.551884338441123
892 0 146.0 0.79 1009.0 8.8 6.911912912702648
893 0 81.0 0.79 3474.0 5.6 11.107101450517609
894 0 81.0 1.58 1009.0 6.0 7.33188922358013
895 0 81.0 0.79 1009.0 5.2 7.331662319160611
896 0 107.0 0.74 724.0 4.8 6.956471491591902
897 0 298.0 0.74 724.0 5.6 5.595397681560309
898 0 107.0 0.74 3759.0 6.0 11.588408524511403
899 0 107.0 0.51 724.0 3.6 6.956360310172305
900 0 107.0 0.51 3759.0 16.0 11.589021245328993
901 0 298.0 0.51 724.0 6.8 5.595453998426695
902 0 298.0 0.74 3759.0 6.8 7.276753202990266
903 0 298.0 0.51 3759.0 5.6 7.276693099613264
904 0 560.0 1.49 2724.0 3.6 4.715338813034185
905 0 1336.0 1.49 2724.0 3.6 4.197422662577742
906 0 560.0 1.49 1759.0 5.6 4.6816009173316475
907 0 560.0 1.26 2724.0 4.8 4.715417773409804
908 0 560.0 1.26 1759.0 4.8 4.6815619759350255
909 0 1336.0 1.26 2724.0 4.8 4.197489172585427
910 0 1336.0 1.49 1759.0 4.8 4.124307889725874
911 0 1336.0 1.26 1759.0 3.6 4.1242433031818955
912 0 1231.0 1.11 1724.0 4.8 4.192080651296815
913 0 117.0 1.11 1724.0 5.6 8.298227410913698
914 0 1231.0 1.11 759.0 3.6 3.8604804431749677
915 0 1231.0 1.64 1724.0 5.6 4.192160951071951
916 0 1231.0 1.64 759.0 3.6 3.8604821314125846
917 0 117.0 1.64 1724.0 6.8 8.29836971310883
918 0 117.0 1.11 759.0 5.6 6.926246042407676
919 0 117.0 1.64 759.0 7.2 6.926504212620533
920 0 284.0 1.86 3724.0 7.6 7.692455956475003
921 0 585.0 1.86 3724.0 5.6 4.740193572023096
922 0 284.0 1.86 2759.0 9.6 6.410857785451955
923 0 284.0 0.89 3724.0 7.6 7.692473132177063
924 0 284.0 0.89 2759.0 4.8 6.409869319768902
925 0 585.0 0.89 3724.0 4.8 4.740037585556563
926 0 585.0 1.86 2759.0 4.8 4.666168473817418
927 0 585.0 0.89 2759.0 5.6 4.666358134282262
928 0 188.0 1.3 1224.0 5.6 6.630957494784139
929 0 421.0 1.3 1224.0 6.8 5.074318638167929
930 0 188.0 1.3 2259.0 10.8 7.876762150493684
931 0 188.0 0.7 1224.0 6.8 6.6311200477455365
932 0 188.0 0.7 2259.0 5.6 7.875995839156296
933 0 421.0 0.7 1224.0 5.6 5.0741797066133705
934 0 421.0 1.3 2259.0 4.8 5.236330501554502
935 0 421.0 0.7 2259.0 3.6 5.236115697304138
936 0 790.0 0.55 3224.0 3.6 4.334403402839652
937 0 47.0 0.55 3224.0 16.0 12.188126908821259
938 0 790.0 0.55 259.0 3.6 4.054126030970291
939 0 790.0 1.45 3224.0 3.6 4.334396744498087
940 0 790.0 1.45 259.0 3.6 4.054130225937729
941 0 47.0 1.45 3224.0 21.6 12.188905010120392
942 0 47.0 0.55 259.0 11.6 5.988150879529839
943 0 47.0 1.45 259.0 11.6 5.988168250719105
944 0 403.0 1.68 224.0 5.6 4.463003404612814
945 0 830.0 1.68 224.0 4.8 3.981146775787292
946 0 403.0 1.68 1259.0 4.8 5.108308315631168
947 0 403.0 1.82 224.0 4.8 4.462981332820149
948 0 403.0 1.82 1259.0 4.8 5.108310645603003
949 0 830.0 1.82 224.0 3.6 3.9811099251328375
950 0 830.0 1.68 1259.0 5.6 4.420183009168143
951 0 830.0 1.82 1259.0 4.8 4.420160495120185
952 0 38.0 0.93 2224.0 16.8 11.123392014991667
953 0 200.0 0.93 2224.0 7.6 7.732891288090357
954 0 38.0 0.93 3259.0 16.8 12.326368879463324
955 0 38.0 1.07 2224.0 16.0 11.123387113860767
956 0 38.0 1.07 3259.0 16.0 12.326359023656135
957 0 200.0 1.07 2224.0 7.6 7.73289766212262
958 0 200.0 0.93 3259.0 4.8 8.207043041396942
959 0 200.0 1.07 3259.0 6.8 8.207124089583981
960 0 30.0 0.62 1037.0 4.8 7.72906637604815
961 0 90.0 0.62 1037.0 15.2 7.3568447280343845
962 0 30.0 0.62 197.0 6.8 5.578257672559842
963 0 30.0 0.91 1037.0 5.6 7.729183896040444
964 0 30.0 0.91 197.0 4.8 5.578122098329466
965 0 90.0 0.91 1037.0 10.0 7.35664371392379
966 0 90.0 0.62 197.0 5.6 5.136622461231179
967 0 90.0 0.91 197.0 3.6 5.136463624732774
968 0 386.0 1.37 3037.0 5.6 5.553790707608915
969 0 517.0 1.37 3037.0 5.6 4.895221103829038
970 0 386.0 1.37 2197.0 6.8 5.569913918651292
971 0 386.0 1.66 3037.0 4.8 5.553728683629439
972 0 386.0 1.66 2197.0 8.8 5.57001721307794
973 0 517.0 1.66 3037.0 4.8 4.895165956303096
974 0 517.0 1.37 2197.0 5.6 4.866316260572205
975 0 517.0 1.66 2197.0 5.6 4.866316332573974
976 0 754.0 1.0 37.0 3.6 3.8708469515226716
977 0 259.0 1.0 37.0 2.8 4.211621847453599
978 0 754.0 1.0 3197.0 3.6 4.405032483756195
979 0 754.0 1.29 37.0 4.0 3.8708755717250165
980 0 754.0 1.29 3197.0 5.6 4.405164708088332
981 0 259.0 1.29 37.0 6.8 4.211876095288665
982 0 259.0 1.0 3197.0 8.8 7.16062136838587
983 0 259.0 1.29 3197.0 7.6 7.160511186583616
984 0 177.0 1.75 2037.0 7.6 8.336370245714926
985 0 1083.0 1.75 2037.0 3.6 4.034779227059081
986 0 177.0 1.75 1197.0 12.0 6.745069307365464
987 0 177.0 0.54 2037.0 11.6 8.33732213837984
988 0 177.0 0.54 1197.0 7.6 6.744162653845613
989 0 1083.0 0.54 2037.0 3.6 4.034780955075038
990 0 1083.0 1.75 1197.0 5.6 4.2006825326801875
991 0 1083.0 0.54 1197.0 3.2 4.200008427844534
992 0 271.0 1.56 537.0 2.8 5.25475354184075
993 0 723.0 1.56 537.0 4.8 4.423184776151489
994 0 271.0 1.56 1697.0 5.6 6.2133576780568545
995 0 271.0 1.1 537.0 5.6 5.2551460944179595
996 0 271.0 1.1 1697.0 3.6 6.213063233682162
997 0 723.0 1.1 537.0 5.6 4.4232594569541925
998 0 723.0 1.56 1697.0 3.6 4.2988709136749605
999 0 723.0 1.1 1697.0 4.8 4.299008879568086
1000 0 1149.0 0.81 2537.0 3.6 4.076828086007022
1001 0 167.0 0.81 2537.0 12.8 7.6695159126952595
1002 0 1149.0 0.81 3697.0 3.6 4.019242391785694
1003 0 1149.0 1.85 2537.0 3.6 4.076826133198009
1004 0 1149.0 1.85 3697.0 4.8 4.019522186338526
1005 0 167.0 1.85 2537.0 14.4 7.669716650458253
1006 0 167.0 0.81 3697.0 4.8 10.71906180022938
1007 0 167.0 1.85 3697.0 10.8 10.721008248567244
1008 0 537.0 1.93 1537.0 3.6 4.629035013971549
1009 0 371.0 1.93 1537.0 5.6 5.253265570837358
1010 0 537.0 1.93 2697.0 4.8 4.784970029993457
1011 0 537.0 1.47 1537.0 5.6 4.6292561019459715
1012 0 537.0 1.47 2697.0 5.6 4.785057490477527
1013 0 371.0 1.47 1537.0 5.6 5.253262505467851
1014 0 371.0 1.93 2697.0 6.8 5.543996795416313
1015 0 371.0 1.47 2697.0 5.6 5.543888092681192
1016 0 98.0 1.18 3537.0 5.6 11.207586945939603
1017 0 23.0 1.18 3537.0 6.4 11.977041972366887
1018 0 98.0 1.18 697.0 10.8 7.073643361111425
1019 0 98.0 0.72 3537.0 11.2 11.208416835127196
1020 0 98.0 0.72 697.0 4.8 7.073007538959844
1021 0 23.0 0.72 3537.0 12.0 11.97786969724775
1022 0 23.0 1.18 697.0 12.0 8.518665599282501
1023 0 23.0 0.72 697.0 12.0 8.518583608048576
1024 0 136.0 1.84 287.0 5.6 5.283725936829799
1025 0 211.0 1.84 287.0 3.6 4.862779562510576
1026 0 136.0 1.84 2447.0 6.4 8.017416709290693
1027 0 136.0 0.63 287.0 5.6 5.283669558909913
1028 0 136.0 0.63 2447.0 6.8 8.017573550352976
1029 0 211.0 0.63 287.0 7.2 4.863722907502086
1030 0 211.0 1.84 2447.0 5.6 6.805901781966951
1031 0 211.0 0.63 2447.0 5.2 6.805761829853332
1032 0 634.0 1.09 2287.0 4.8 4.643944762935556
1033 0 872.0 1.09 2287.0 4.8 4.328659953698397
1034 0 634.0 1.09 447.0 4.8 4.493839602405702
1035 0 634.0 1.38 2287.0 6.8 4.644054363342341
1036 0 634.0 1.38 447.0 4.4 4.493814223539487
1037 0 872.0 1.38 2287.0 4.8 4.328658133044949
1038 0 872.0 1.09 447.0 5.6 4.109945605508207
1039 0 872.0 1.38 447.0 2.8 4.109750755872408
1040 0 1613.0 1.46 1287.0 4.8 4.052830190880303
1041 0 55.0 1.46 1287.0 9.6 7.835868495775725
1042 0 1613.0 1.46 1447.0 3.6 4.014180159462635
1043 0 1613.0 1.75 1287.0 4.8 4.052830285996981
1044 0 1613.0 1.75 1447.0 3.6 4.014180085738596
1045 0 55.0 1.75 1287.0 9.6 7.835877812497138
1046 0 55.0 1.46 1447.0 9.6 8.004935240443878
1047 0 55.0 1.75 1447.0 9.6 8.004938743080183
1048 0 325.0 0.71 3287.0 3.6 6.3281907017003665
1049 0 439.0 0.71 3287.0 4.8 5.364532132116125
1050 0 325.0 0.71 3447.0 4.8 6.830847331619878
1051 0 325.0 1.0 3287.0 5.6 6.328374441770933
1052 0 325.0 1.0 3447.0 11.6 6.8312518430081015
1053 0 439.0 1.0 3287.0 7.6 5.3646950142487855
1054 0 439.0 0.71 3447.0 6.8 5.530187649184284
1055 0 439.0 1.0 3447.0 5.6 5.53010508483633
1056 0 222.0 0.9 1787.0 5.6 7.228161920117075
1057 0 609.0 0.9 1787.0 3.6 4.525540907699585
1058 0 222.0 0.9 3947.0 5.6 8.59981959372663
1059 0 222.0 0.82 1787.0 7.6 7.228205218879824
1060 0 222.0 0.82 3947.0 8.8 8.599889821331837
1061 0 609.0 0.82 1787.0 4.8 4.525566167771058
1062 0 609.0 0.9 3947.0 4.8 4.692704531551769
1063 0 609.0 0.82 3947.0 4.8 4.692705866677283
1064 0 914.0 1.65 3787.0 3.6 4.0231302258072175
1065 0 127.0 1.65 3787.0 5.6 11.043485255708466
1066 0 914.0 1.65 1947.0 3.6 4.18198722370248
1067 0 914.0 1.57 3787.0 2.8 4.02311127084109
1068 0 914.0 1.57 1947.0 4.8 4.182010239316273
1069 0 127.0 1.57 3787.0 5.6 11.043491903025394
1070 0 127.0 1.65 1947.0 24.4 9.01376896977057
1071 0 127.0 1.57 1947.0 7.6 9.01356731172028
1072 0 456.0 0.53 787.0 6.8 5.108920254532559
1073 0 1460.0 0.53 787.0 3.6 3.8166437097989583
1074 0 456.0 0.53 947.0 4.8 5.082874583712468
1075 0 456.0 1.94 787.0 4.8 5.108344359353191
1076 0 456.0 1.94 947.0 5.6 5.083154730839201
1077 0 1460.0 1.94 787.0 3.6 3.8166461575157475
1078 0 1460.0 0.53 947.0 5.6 3.954996481671343
1079 0 1460.0 1.94 947.0 3.6 3.9544163593616934
1080 0 63.0 1.28 2787.0 10.0 9.617460810464216
1081 0 312.0 1.28 2787.0 7.6 6.1779563005055245
1082 0 63.0 1.28 2947.0 8.8 10.532273967676867
1083 0 63.0 1.19 2787.0 9.2 9.617448292268572
1084 0 63.0 1.19 2947.0 7.6 10.532243864859362
1085 0 312.0 1.19 2787.0 14.8 6.178046614403178
1086 0 312.0 1.28 2947.0 3.6 6.071971333567345
1087 0 312.0 1.19 2947.0 4.8 6.072013535812917
1088 0 46.0 1.14 912.0 5.6 7.554829778986662
1089 0 404.0 1.14 912.0 5.6 5.29214581422314
1090 0 46.0 1.14 1072.0 5.6 7.631543722514913
1091 0 46.0 1.61 912.0 5.6 7.554859413135193
1092 0 46.0 1.61 1072.0 5.6 7.631539867362833
1093 0 404.0 1.61 912.0 5.6 5.292155229667388
1094 0 404.0 1.14 1072.0 3.6 5.236819117150224
1095 0 404.0 1.61 1072.0 5.6 5.237081669805612
1096 0 420.0 1.89 2912.0 6.8 5.329201709360136
1097 0 39.0 1.89 2912.0 7.6 10.73847955359899
1098 0 420.0 1.89 3072.0 5.6 5.32857978061864
1099 0 420.0 0.86 2912.0 7.6 5.3293684391734795
1100 0 420.0 0.86 3072.0 3.6 5.328032310411315
1101 0 39.0 0.86 2912.0 7.6 10.738493340310745
1102 0 39.0 1.89 3072.0 7.6 11.849005666664402
1103 0 39.0 0.86 3072.0 7.6 11.84915956087515
1104 0 828.0 0.76 1912.0 4.8 4.261446913317968
1105 0 792.0 0.76 1912.0 3.6 4.302720429529752
1106 0 828.0 0.76 2072.0 4.8 4.383970708618661
1107 0 828.0 1.24 1912.0 3.6 4.261305343078843
1108 0 828.0 1.24 2072.0 5.6 4.384049846331485
1109 0 792.0 1.24 1912.0 4.8 4.302857951094501
1110 0 792.0 0.76 2072.0 3.6 4.4132008950110615
1111 0 792.0 1.24 2072.0 4.0 4.413253517019689
1112 0 199.0 1.51 3912.0 6.8 9.329003699484787
1113 0 189.0 1.51 3912.0 15.2 9.566471253257513
1114 0 199.0 1.51 72.0 3.6 4.308076974868502
1115 0 199.0 1.99 3912.0 24.4 9.330359100275043
1116 0 199.0 1.99 72.0 2.8 4.307987105029547
1117 0 189.0 1.99 3912.0 9.6 9.566011548565132
1118 0 189.0 1.51 72.0 3.6 4.33806490277734
1119 0 189.0 1.99 72.0 5.6 4.338312256938285
1120 0 297.0 1.7 1412.0 5.6 5.732709283380183
1121 0 285.0 1.7 1412.0 8.8 5.823469015034057
1122 0 297.0 1.7 572.0 6.4 5.256863714542014
1123 0 297.0 1.43 1412.0 6.8 5.732774080300146
1124 0 297.0 1.43 572.0 5.6 5.256815999038255
1125 0 285.0 1.43 1412.0 3.6 5.823132679160536
1126 0 285.0 1.7 572.0 3.6 5.290293009680032
1127 0 285.0 1.43 572.0 6.8 5.2905033744028005
1128 0 1329.0 0.95 3412.0 4.8 4.036003273487058
1129 0 1237.0 0.95 3412.0 3.6 4.0424418335482635
1130 0 1329.0 0.95 2572.0 5.6 4.207635156718654
1131 0 1329.0 0.68 3412.0 4.0 4.0359572807970086
1132 0 1329.0 0.68 2572.0 4.8 4.207593631743318
1133 0 1237.0 0.68 3412.0 4.8 4.042517917728468
1134 0 1237.0 0.95 2572.0 3.6 4.1311498857067335
1135 0 1237.0 0.68 2572.0 3.6 4.1311502847588795
1136 0 583.0 1.32 412.0 4.8 4.51050505779604
1137 0 108.0 1.32 412.0 3.6 6.051877315826012
1138 0 583.0 1.32 3572.0 4.8 4.782428118566817
1139 0 583.0 1.05 412.0 4.8 4.5105023544956895
1140 0 583.0 1.05 3572.0 3.6 4.782342990705201
1141 0 108.0 1.05 412.0 4.0 6.051915107184275
1142 0 108.0 1.32 3572.0 14.4 11.428501571075453
1143 0 108.0 1.05 3572.0 14.8 11.428512993982986
1144 0 117.0 0.57 2412.0 9.6 8.51506546799489
1145 0 561.0 0.57 2412.0 4.8 4.67229629932323
1146 0 117.0 0.57 1572.0 9.2 7.681104985866078
1147 0 117.0 1.8 2412.0 9.6 8.515037227221134
1148 0 117.0 1.8 1572.0 9.2 7.6811116080170905
1149 0 561.0 1.8 2412.0 3.6 4.671893666106057
1150 0 561.0 0.57 1572.0 4.8 4.593719939990839
1151 0 561.0 1.8 1572.0 4.8 4.593719243387599
1152 0 80.0 1.42 1662.0 15.2 8.614456937656794
1153 0 1874.0 1.42 1662.0 4.8 3.895640897827498
1154 0 80.0 1.42 3322.0 6.8 11.09125049279028
1155 0 80.0 1.9 1662.0 8.0 8.613808866959841
1156 0 80.0 1.9 3322.0 5.6 11.0909745381413
1157 0 1874.0 1.9 1662.0 3.6 3.8955128076250953
1158 0 1874.0 1.42 3322.0 4.8 3.959205286995623
1159 0 1874.0 1.9 3322.0 4.8 3.95920509596991
1160 0 495.0 0.67 3662.0 5.6 5.115400188087977
1161 0 341.0 0.67 3662.0 4.8 6.628080726883246
1162 0 495.0 0.67 1322.0 3.6 4.736121344178195
1163 0 495.0 1.15 3662.0 3.6 5.1151332996509415
1164 0 495.0 1.15 1322.0 5.6 4.736354537309463
1165 0 341.0 1.15 3662.0 6.8 6.628321868711781
1166 0 341.0 0.67 1322.0 5.6 5.417765486150784
1167 0 341.0 1.15 1322.0 3.6 5.4174947027468665
1168 0 1018.0 1.79 662.0 3.6 3.8594519630367845
1169 0 663.0 1.79 662.0 3.6 4.472048807524957
1170 0 1018.0 1.79 322.0 3.6 3.9531845737865345
1171 0 1018.0 0.77 662.0 2.8 3.859214309578272
1172 0 1018.0 0.77 322.0 4.8 3.953454802037897
1173 0 663.0 0.77 662.0 4.8 4.47235546000807
1174 0 663.0 1.79 322.0 6.8 4.368292320477869
1175 0 663.0 0.77 322.0 4.8 4.3679183216254565
1176 0 246.0 1.04 2662.0 4.8 6.620908830067542
1177 0 147.0 1.04 2662.0 7.2 8.192403596232618
1178 0 246.0 1.04 2322.0 8.8 6.6824811575783185
1179 0 246.0 1.52 2662.0 3.6 6.6206852928991475
1180 0 246.0 1.52 2322.0 7.6 6.682384992120592
1181 0 147.0 1.52 2662.0 6.8 8.192335063063316
1182 0 147.0 1.04 2322.0 6.8 8.343291164934614
1183 0 147.0 1.52 2322.0 7.2 8.343350293309193
1184 0 156.0 0.86 162.0 6.8 4.6641776200368845
1185 0 72.0 0.86 162.0 5.6 5.046313035829103
1186 0 156.0 0.86 2822.0 6.8 8.110698112522918
1187 0 156.0 1.71 162.0 4.8 4.6638557130167415
1188 0 156.0 1.71 2822.0 4.8 8.110183184669525
1189 0 72.0 1.71 162.0 5.6 5.046313384455771
1190 0 72.0 0.86 2822.0 15.2 9.511400102177358
1191 0 72.0 1.71 2822.0 4.8 9.509177737554474
1192 0 691.0 1.61 2162.0 5.6 4.609410868377549
1193 0 476.0 1.61 2162.0 4.8 4.9893854447469845
1194 0 691.0 1.61 822.0 3.6 4.391406183228416
1195 0 691.0 0.96 2162.0 5.6 4.609413768103796
1196 0 691.0 0.96 822.0 2.8 4.391229987788649
1197 0 476.0 0.96 2162.0 6.8 4.989652645441559
1198 0 476.0 1.61 822.0 5.6 5.045488330384447
1199 0 476.0 0.96 822.0 4.8 5.045364926093215
1200 0 355.0 1.23 1162.0 4.8 5.42067242644182
1201 0 234.0 1.23 1162.0 5.6 6.2477071325275855
1202 0 355.0 1.23 1822.0 4.8 5.862871529030862
1203 0 355.0 0.58 1162.0 5.6 5.420802113583629
1204 0 355.0 0.58 1822.0 5.6 5.863025659920877
1205 0 234.0 0.58 1162.0 8.8 6.248130068551754
1206 0 234.0 1.23 1822.0 8.8 7.235151315317398
1207 0 234.0 0.58 1822.0 13.2 7.235610676929391
1208 0 15.0 1.98 3162.0 6.0 12.404475601558147
1209 0 966.0 1.98 3162.0 4.8 4.222615577657942
1210 0 15.0 1.98 3822.0 6.0 12.356899894779978
1211 0 15.0 1.33 3162.0 5.6 12.404445290120268
1212 0 15.0 1.33 3822.0 7.6 12.357357292625332
1213 0 966.0 1.33 3162.0 3.6 4.222429972686213
1214 0 966.0 1.98 3822.0 3.6 4.010187072111504
1215 0 966.0 1.33 3822.0 4.8 4.01036570961327
1216 0 16.0 0.84 833.0 14.8 8.31397106962442
1217 0 186.0 0.84 833.0 9.2 6.559331226507493
1218 0 16.0 0.84 1650.0 14.8 9.408434617064133
1219 0 16.0 1.19 833.0 14.8 8.31398913227863
1220 0 16.0 1.19 1650.0 14.8 9.408438284407845
1221 0 186.0 1.19 833.0 5.2 6.5590389234864475
1222 0 186.0 0.84 1650.0 6.0 7.0169907758050165
1223 0 186.0 1.19 1650.0 6.8 7.017047101898192
1224 0 359.0 1.59 2833.0 5.6 5.717256674012277
1225 0 783.0 1.59 2833.0 4.8 4.285176291039812
1226 0 359.0 1.59 3650.0 5.6 6.352123826353529
1227 0 359.0 1.94 2833.0 9.6 5.7175069245002845
1228 0 359.0 1.94 3650.0 4.8 6.3520537259250665
1229 0 783.0 1.94 2833.0 4.8 4.285176034567191
1230 0 783.0 1.59 3650.0 4.8 4.33555757214371
1231 0 783.0 1.94 3650.0 4.8 4.335555039950629
1232 0 698.0 1.21 1833.0 4.8 4.400906903409155
1233 0 37.0 1.21 1833.0 4.8 9.52663290796431
1234 0 698.0 1.21 2650.0 4.8 4.343422867101236
1235 0 698.0 1.56 1833.0 4.8 4.4009045651808165
1236 0 698.0 1.56 2650.0 4.8 4.343419697567879
1237 0 37.0 1.56 1833.0 4.8 9.52662385880522
1238 0 37.0 1.21 2650.0 6.0 10.065833904945425
1239 0 37.0 1.56 2650.0 8.8 10.066137461776284
1240 0 159.0 1.96 3833.0 30.4 10.35532947597481
1241 0 400.0 1.96 3833.0 4.8 5.836235821860052
1242 0 159.0 1.96 650.0 6.4 6.220386149978717
1243 0 159.0 0.81 3833.0 4.8 10.3503584876835
1244 0 159.0 0.81 650.0 4.8 6.219861416337252
1245 0 400.0 0.81 3833.0 5.6 5.836493104722558
1246 0 400.0 1.96 650.0 3.6 5.083602303988321
1247 0 400.0 0.81 650.0 6.8 5.084456220694988
1248 0 249.0 1.4 1333.0 8.8 6.13612143571318
1249 0 555.0 1.4 1333.0 4.8 4.629746855078522
1250 0 249.0 1.4 150.0 4.8 4.353591017985351
1251 0 249.0 1.0 1333.0 5.6 6.135854491141812
1252 0 249.0 1.0 150.0 3.6 4.353475861033692
1253 0 555.0 1.0 1333.0 4.8 4.629745852576981
1254 0 555.0 1.4 150.0 5.6 4.321610685298293
1255 0 555.0 1.0 150.0 4.8 4.321542809880142
1256 0 1032.0 0.65 3333.0 4.8 4.14454192661409
1257 0 106.0 0.65 3333.0 16.8 10.658668693644099
1258 0 1032.0 0.65 2150.0 2.8 4.044898364318539
1259 0 1032.0 1.75 3333.0 3.6 4.144229761573327
1260 0 1032.0 1.75 2150.0 3.6 4.045160522972232
1261 0 106.0 1.75 3333.0 10.0 10.657215839781948
1262 0 106.0 0.65 2150.0 5.2 9.785910129687673
1263 0 106.0 1.75 2150.0 5.6 9.786230194969818
1264 0 500.0 1.78 333.0 4.4 4.477491754897164
1265 0 1215.0 1.78 333.0 4.8 3.9245906735939737
1266 0 500.0 1.78 3150.0 5.6 5.0094869220343305
1267 0 500.0 1.37 333.0 4.0 4.477443441571007
1268 0 500.0 1.37 3150.0 5.6 5.009490495826854
1269 0 1215.0 1.37 333.0 4.8 3.9245891583365093
1270 0 1215.0 1.78 3150.0 3.6 4.059060970760368
1271 0 1215.0 1.37 3150.0 4.8 4.059175497086271
1272 0 83.0 1.03 2333.0 10.4 9.642166283665176
1273 0 281.0 1.03 2333.0 4.8 6.210126658783666
1274 0 83.0 1.03 1150.0 10.8 7.482080605424829
1275 0 83.0 0.62 2333.0 10.8 9.642199966350098
1276 0 83.0 0.62 1150.0 10.0 7.482009674408749
1277 0 281.0 0.62 2333.0 5.6 6.210219865180785
1278 0 281.0 1.03 1150.0 8.8 5.895440232117018
1279 0 281.0 0.62 1150.0 5.6 5.895181263483369
1280 0 119.0 1.68 1583.0 6.8 7.675770511129462
1281 0 144.0 1.68 1583.0 3.6 7.348808290436915
1282 0 119.0 1.68 3900.0 5.6 11.075608331850898
1283 0 119.0 0.72 1583.0 5.6 7.67545109696474
1284 0 119.0 0.72 3900.0 20.8 11.07876315993975
1285 0 144.0 0.72 1583.0 10.8 7.350631474375325
1286 0 144.0 1.68 3900.0 36.7999999999999 10.581510792596918
1287 0 144.0 0.72 3900.0 3.6 10.575895118483102
1288 0 589.0 0.93 3583.0 4.8 4.765073518697617
1289 0 656.0 0.93 3583.0 6.8 4.615655994165619
1290 0 589.0 0.93 1900.0 3.6 4.583001286079986
1291 0 589.0 1.47 3583.0 4.8 4.76506932293309
1292 0 589.0 1.47 1900.0 3.6 4.582999642059579
1293 0 656.0 1.47 3583.0 4.8 4.615445159409293
1294 0 656.0 0.93 1900.0 4.8 4.477723984569727
1295 0 656.0 1.47 1900.0 3.6 4.477558102940496
1296 0 1357.0 1.31 583.0 4.0 3.803133809568646
1297 0 337.0 1.31 583.0 5.6 5.162037115374878
1298 0 1357.0 1.31 900.0 3.6 3.942353406613245
1299 0 1357.0 1.84 583.0 3.6 3.8030856872312477
1300 0 1357.0 1.84 900.0 4.8 3.9424966093307208
1301 0 337.0 1.84 583.0 6.8 5.1621713190202625
1302 0 337.0 1.31 900.0 6.8 5.593770838329064
1303 0 337.0 1.84 900.0 7.6 5.59386571355663
1304 0 301.0 0.56 2583.0 6.8 5.989310528815049
1305 0 1799.0 0.56 2583.0 4.8 4.023063100801739
1306 0 301.0 0.56 2900.0 9.6 6.1718470222650375
1307 0 301.0 1.09 2583.0 3.6 5.988845472684065
1308 0 301.0 1.09 2900.0 3.6 6.171044481969541
1309 0 1799.0 1.09 2583.0 4.8 4.023061781615399
1310 0 1799.0 0.56 2900.0 3.6 3.925922292293341
1311 0 1799.0 1.09 2900.0 4.0 3.9259732682440966
1312 0 202.0 1.12 83.0 4.8 4.321183578869023
1313 0 953.0 1.12 83.0 2.8 3.8181227060325726
1314 0 202.0 1.12 2400.0 14.8 7.0584245970467165
1315 0 202.0 0.53 83.0 4.8 4.32121195250944
1316 0 202.0 0.53 2400.0 4.8 7.057337591778666
1317 0 953.0 0.53 83.0 2.8 3.8181192565644166
1318 0 953.0 1.12 2400.0 4.8 4.189547169133786
1319 0 953.0 0.53 2400.0 4.8 4.189551905589214
1320 0 838.0 1.87 2083.0 4.8 4.373718609173917
1321 0 231.0 1.87 2083.0 8.0 7.361076718209708
1322 0 838.0 1.87 400.0 4.8 4.147121977976889
1323 0 838.0 1.28 2083.0 4.8 4.373726258037471
1324 0 838.0 1.28 400.0 3.6 4.146954730910127
1325 0 231.0 1.28 2083.0 9.6 7.361224829914904
1326 0 231.0 1.87 400.0 5.6 5.099891090915049
1327 0 231.0 1.28 400.0 4.8 5.099759080714536
1328 0 424.0 0.74 1083.0 6.8 5.173953567921983
1329 0 471.0 0.74 1083.0 4.8 4.993262134552212
1330 0 424.0 0.74 1400.0 4.8 4.989605541221061
1331 0 424.0 1.66 1083.0 5.6 5.173750681774729
1332 0 424.0 1.66 1400.0 4.8 4.989605524896046
1333 0 471.0 1.66 1083.0 4.8 4.993272622846287
1334 0 471.0 0.74 1400.0 6.8 4.82524922751421
1335 0 471.0 1.66 1400.0 4.8 4.824885560779088
1336 0 48.0 1.49 3083.0 5.2 11.718230328447026
1337 0 70.0 1.49 3083.0 14.8 11.379250496966684
1338 0 48.0 1.49 3400.0 13.6 11.481783429368146
1339 0 48.0 0.91 3083.0 10.4 11.719438320747562
1340 0 48.0 0.91 3400.0 8.0 11.480928669020228
1341 0 70.0 0.91 3083.0 23.6 11.380073173942947
1342 0 70.0 1.49 3400.0 7.6 11.232769848937618
1343 0 70.0 0.91 3400.0 12.8 11.23354146290706
1344 0 65.0 0.88 1208.0 8.4 7.588779705734089
1345 0 1067.0 0.88 1208.0 5.6 4.20803823286462
1346 0 65.0 0.88 525.0 3.6 7.144900482807753
1347 0 65.0 1.33 1208.0 4.4 7.588265010155905
1348 0 65.0 1.33 525.0 4.8 7.145137874230822
1349 0 1067.0 1.33 1208.0 3.6 4.207849051540582
1350 0 1067.0 0.88 525.0 3.6 3.846148236611482
1351 0 1067.0 1.33 525.0 3.6 3.846149117742315
1352 0 461.0 1.63 3208.0 5.6 5.185264411960053
1353 0 256.0 1.63 3208.0 5.6 7.210939384002963
1354 0 461.0 1.63 2525.0 3.6 5.008038977612699
1355 0 461.0 0.58 3208.0 4.8 5.185077612120561
1356 0 461.0 0.58 2525.0 8.8 5.009164927194795
1357 0 256.0 0.58 3208.0 5.6 7.211032689152564
1358 0 256.0 1.63 2525.0 4.8 6.3487156013327395
1359 0 256.0 0.58 2525.0 9.6 6.349808109772516
1360 0 926.0 0.51 208.0 4.8 3.9063724648289173
1361 0 512.0 0.51 208.0 6.8 4.429375959245485
1362 0 926.0 0.51 3525.0 4.8 4.193562352964412
1363 0 926.0 0.95 208.0 2.8 3.90615316313097
1364 0 926.0 0.95 3525.0 3.6 4.193434090796031
1365 0 512.0 0.95 208.0 4.8 4.42921937321659
1366 0 512.0 0.51 3525.0 5.6 5.11534163574829
1367 0 512.0 0.95 3525.0 5.6 5.115333956156738
1368 0 225.0 1.26 2208.0 7.6 7.290084646249276
1369 0 88.0 1.26 2208.0 12.0 10.18681936140503
1370 0 225.0 1.26 1525.0 8.0 6.479730560849557
1371 0 225.0 1.7 2208.0 4.8 7.289756695540877
1372 0 225.0 1.7 1525.0 10.8 6.479936700435842
1373 0 88.0 1.7 2208.0 14.0 10.187000081971581
1374 0 88.0 1.26 1525.0 14.4 7.920973650600187
1375 0 88.0 1.7 1525.0 14.4 7.920997510406575
1376 0 329.0 1.82 708.0 6.8 5.42263556189342
1377 0 21.0 1.82 708.0 14.8 8.637282910028082
1378 0 329.0 1.82 1025.0 6.8 5.607641957113488
1379 0 329.0 1.51 708.0 4.0 5.422418055601136
1380 0 329.0 1.51 1025.0 7.6 5.6076739434559055
1381 0 21.0 1.51 708.0 14.8 8.637315812660075
1382 0 21.0 1.82 1025.0 14.8 7.834150209120542
1383 0 21.0 1.51 1025.0 14.8 7.834112766029902
1384 0 1663.0 1.07 2708.0 3.6 3.9756445915072223
1385 0 367.0 1.07 2708.0 4.8 5.576928673945124
1386 0 1663.0 1.07 3025.0 6.0 4.0351878730067865
1387 0 1663.0 0.76 2708.0 2.8 3.9755718227213968
1388 0 1663.0 0.76 3025.0 4.8 4.035122245607597
1389 0 367.0 0.76 2708.0 7.6 5.577118210899672
1390 0 367.0 1.07 3025.0 7.6 5.701236669567194
1391 0 367.0 0.76 3025.0 3.6 5.7009373029449995
1392 0 641.0 1.45 1708.0 4.8 4.4292744462470885
1393 0 165.0 1.45 1708.0 9.6 7.614163015726479
1394 0 641.0 1.45 2025.0 4.8 4.619813347942039
1395 0 641.0 1.14 1708.0 3.6 4.429181711655033
1396 0 641.0 1.14 2025.0 4.8 4.619815003547432
1397 0 165.0 1.14 1708.0 13.2 7.614357569117158
1398 0 165.0 1.45 2025.0 6.8 8.519963039115757
1399 0 165.0 1.14 2025.0 10.4 8.52022362993394
1400 0 139.0 0.7 3708.0 20.0 11.41848430675041
1401 0 716.0 0.7 3708.0 4.8 4.391161311560088
1402 0 139.0 0.7 25.0 6.0 4.508384963562797
1403 0 139.0 1.89 3708.0 39.5999999999999 11.420678223880707
1404 0 139.0 1.89 25.0 3.6 4.507742757775362
1405 0 716.0 1.89 3708.0 4.8 4.391144670471893
1406 0 716.0 0.7 25.0 2.8 3.8789656295843398
1407 0 716.0 1.89 25.0 2.8 3.8789702556252115
1408 0 101.0 1.54 458.0 5.6 6.360243553477604
1409 0 434.0 1.54 458.0 4.8 4.725838582647117
1410 0 101.0 1.54 2775.0 6.8 8.930478793786966
1411 0 101.0 1.8 458.0 8.4 6.3604097812288565
1412 0 101.0 1.8 2775.0 8.4 8.930585697064398
1413 0 434.0 1.8 458.0 6.8 4.725944315938411
1414 0 434.0 1.54 2775.0 7.6 5.202377317700252
1415 0 434.0 1.8 2775.0 3.6 5.2021341657894045
1416 0 543.0 0.79 2458.0 4.8 4.712598249550327
1417 0 53.0 0.79 2458.0 9.6 9.401186670039488
1418 0 543.0 0.79 775.0 4.8 4.8132242906118226
1419 0 543.0 1.05 2458.0 5.6 4.712638431091955
1420 0 543.0 1.05 775.0 4.8 4.81322596426374
1421 0 53.0 1.05 2458.0 6.0 9.40091117802016
1422 0 53.0 0.79 775.0 3.6 7.947650083899865
1423 0 53.0 1.05 775.0 5.6 7.947887453139389
1424 0 1169.0 1.92 1458.0 4.8 4.16364224178021
1425 0 861.0 1.92 1458.0 4.8 4.264326933834477
1426 0 1169.0 1.92 1775.0 4.8 4.176329080937191
1427 0 1169.0 0.67 1458.0 4.8 4.1636430288583455
1428 0 1169.0 0.67 1775.0 4.8 4.176330751951094
1429 0 861.0 0.67 1458.0 4.8 4.264324822873826
1430 0 861.0 1.92 1775.0 3.6 4.206629887169844
1431 0 861.0 0.67 1775.0 5.6 4.207186125504845
1432 0 274.0 1.17 3458.0 11.6 7.679227816893716
1433 0 208.0 1.17 3458.0 6.8 9.100973813627792
1434 0 274.0 1.17 3775.0 5.6 7.705299517019728
1435 0 274.0 1.42 3458.0 4.8 7.678820244529963
1436 0 274.0 1.42 3775.0 3.6 7.70509576463107
1437 0 208.0 1.42 3458.0 8.8 9.101123027611374
1438 0 208.0 1.17 3775.0 4.8 9.361838041712883
1439 0 208.0 1.42 3775.0 14.4 9.362417570509114
1440 0 180.0 0.6 1958.0 5.6 8.166079826746499
1441 0 308.0 0.6 1958.0 7.6 6.451392865059053
1442 0 180.0 0.6 3275.0 5.6 8.619464937409152
1443 0 180.0 1.98 1958.0 5.6 8.166151533311684
1444 0 180.0 1.98 3275.0 3.6 8.618164427310539
1445 0 308.0 1.98 1958.0 6.8 6.451182190518465
1446 0 308.0 0.6 3275.0 5.6 6.538672634578966
1447 0 308.0 1.98 3275.0 6.8 6.539090612423815
1448 0 763.0 1.35 3958.0 3.6 4.279733124023934
1449 0 1426.0 1.35 3958.0 3.6 3.948482477071279
1450 0 763.0 1.35 1275.0 4.8 4.47857788456658
1451 0 763.0 1.23 3958.0 2.8 4.279703507758981
1452 0 763.0 1.23 1275.0 4.8 4.478577602765616
1453 0 1426.0 1.23 3958.0 3.6 3.9484826768720285
1454 0 1426.0 1.35 1275.0 3.6 4.102577694025132
1455 0 1426.0 1.23 1275.0 4.8 4.1026111231255555
1456 0 390.0 0.98 958.0 7.6 5.323904166796352
1457 0 125.0 0.98 958.0 4.4 6.917104565059475
1458 0 390.0 0.98 275.0 5.6 4.520365417467981
1459 0 390.0 0.86 958.0 3.6 5.323788519809508
1460 0 390.0 0.86 275.0 4.8 4.520344372793859
1461 0 125.0 0.86 958.0 2.8 6.917008055128135
1462 0 125.0 0.98 275.0 2.8 5.281824856158411
1463 0 125.0 0.86 275.0 2.8 5.281822661923579
1464 0 32.0 1.73 2958.0 15.6 11.430380379706913
1465 0 603.0 1.73 2958.0 3.6 4.600591803869497
1466 0 32.0 1.73 2275.0 14.8 10.962881262235463
1467 0 32.0 1.61 2958.0 14.4 11.430362903252735
1468 0 32.0 1.61 2275.0 14.8 10.962885685482775
1469 0 603.0 1.61 2958.0 3.6 4.60059263169719
1470 0 603.0 1.73 2275.0 4.8 4.691711799177255
1471 0 603.0 1.61 2275.0 4.8 4.691712487638624
1472 0 40.0 1.33 1771.0 5.6 9.405007475804604
1473 0 685.0 1.33 1771.0 3.6 4.36084494678977
1474 0 40.0 1.33 1212.0 5.6 7.753718449746595
1475 0 40.0 1.4 1771.0 8.8 9.405076110886162
1476 0 40.0 1.4 1212.0 5.6 7.753719690220419
1477 0 685.0 1.4 1771.0 3.6 4.360844697486505
1478 0 685.0 1.33 1212.0 4.8 4.550656778726999
1479 0 685.0 1.4 1212.0 4.8 4.550657151291294
1480 0 407.0 0.58 3771.0 7.6 5.789988802045667
1481 0 154.0 0.58 3771.0 30.4 10.710581852252478
1482 0 407.0 0.58 3212.0 5.6 5.511473754304275
1483 0 407.0 0.65 3771.0 4.8 5.789941799041784
1484 0 407.0 0.65 3212.0 4.8 5.51145735131703
1485 0 154.0 0.65 3771.0 9.2 10.710366836216009
1486 0 154.0 0.58 3212.0 8.4 9.446624657433349
1487 0 154.0 0.65 3212.0 21.6 9.44676555953385
1488 0 799.0 1.7 771.0 4.8 4.204235779557756
1489 0 352.0 1.7 771.0 10.8 5.467597688287593
1490 0 799.0 1.7 2212.0 3.6 4.44353666695896
1491 0 799.0 1.02 771.0 3.6 4.204037278811038
1492 0 799.0 1.02 2212.0 6.0 4.443907781212128
1493 0 352.0 1.02 771.0 4.8 5.466868427092323
1494 0 352.0 1.7 2212.0 9.6 5.835191471752784
1495 0 352.0 1.02 2212.0 7.6 5.834960483891595
1496 0 191.0 0.95 2771.0 4.8 7.528543644733952
1497 0 13.0 0.95 2771.0 15.6 10.56119094555238
1498 0 191.0 0.95 212.0 6.4 4.699155644830359
1499 0 191.0 1.77 2771.0 9.6 7.529532578676831
1500 0 191.0 1.77 212.0 3.6 4.69863989808888
1501 0 13.0 1.77 2771.0 15.6 10.561163034356714
1502 0 13.0 0.95 212.0 4.8 5.817094231252513
1503 0 13.0 1.77 212.0 4.8 5.8170900155082625
1504 0 287.0 0.77 271.0 3.6 4.577839128166224
1505 0 79.0 0.77 271.0 3.6 5.695404053902746
1506 0 287.0 0.77 712.0 4.8 5.6091185257248055
1507 0 287.0 1.58 271.0 4.8 4.578097772882759
1508 0 287.0 1.58 712.0 5.6 5.609293154159624
1509 0 79.0 1.58 271.0 4.8 5.695726146565524
1510 0 79.0 0.77 712.0 4.8 7.407284573067796
1511 0 79.0 1.58 712.0 5.6 7.407551726958149
1512 0 1254.0 1.52 2271.0 2.8 3.9796783837779413
1513 0 491.0 1.52 2271.0 4.8 4.928757628524765
1514 0 1254.0 1.52 2712.0 4.8 4.207197216211615
1515 0 1254.0 0.83 2271.0 3.6 3.9798434399937954
1516 0 1254.0 0.83 2712.0 4.8 4.207197906741357
1517 0 491.0 0.83 2271.0 4.8 4.928759062029901
1518 0 491.0 1.52 2712.0 4.8 4.934100916751982
1519 0 491.0 0.83 2712.0 4.8 4.934117895960117
1520 0 565.0 1.14 1271.0 4.8 4.631096344166785
1521 0 243.0 1.14 1271.0 8.0 6.1951022828488735
1522 0 565.0 1.14 3712.0 5.6 4.812566901753327
1523 0 565.0 1.21 1271.0 3.6 4.631074404305153
1524 0 565.0 1.21 3712.0 4.8 4.81255387804122
1525 0 243.0 1.21 1271.0 5.6 6.195066566677203
1526 0 243.0 1.14 3712.0 26.8 8.836733012654058
1527 0 243.0 1.21 3712.0 58.39999999999989 8.836843393622047
1528 0 110.0 1.89 3271.0 11.2 10.470867798360837
1529 0 1007.0 1.89 3271.0 4.8 4.199839223319665
1530 0 110.0 1.89 1712.0 5.6 8.29781372577402
1531 0 110.0 1.96 3271.0 10.4 10.470848445063874
1532 0 110.0 1.96 1712.0 3.6 8.297750727340366
1533 0 1007.0 1.96 3271.0 4.8 4.199838915852985
1534 0 1007.0 1.89 1712.0 4.0 4.107969328371838
1535 0 1007.0 1.96 1712.0 2.8 4.107944644878736
1536 0 149.0 1.24 521.0 3.6 5.958814637614314
1537 0 579.0 1.24 521.0 3.6 4.586410000755218
1538 0 149.0 1.24 3462.0 14.8 10.413038761030512
1539 0 149.0 1.68 521.0 4.8 5.959015101014818
1540 0 149.0 1.68 3462.0 6.8 10.412211176914749
1541 0 579.0 1.68 521.0 4.8 4.586549637719821
1542 0 579.0 1.24 3462.0 4.8 4.787973023962297
1543 0 579.0 1.68 3462.0 3.6 4.787826716125525
1544 0 669.0 1.99 2521.0 4.8 4.433334267550276
1545 0 115.0 1.99 2521.0 8.8 8.485242104856676
1546 0 669.0 1.99 1462.0 3.6 4.3807811375914705
1547 0 669.0 0.93 2521.0 4.0 4.433139042522325
1548 0 669.0 0.93 1462.0 4.8 4.381077066737416
1549 0 115.0 0.93 2521.0 18.8 8.486864238560845
1550 0 115.0 1.99 1462.0 10.8 7.449880579506077
1551 0 115.0 0.93 1462.0 6.4 7.448845184970414
1552 0 1939.0 0.86 1521.0 2.8 3.8016916343663754
1553 0 1309.0 0.86 1521.0 4.8 4.106216513144321
1554 0 1939.0 0.86 462.0 3.6 3.6353368022390526
1555 0 1939.0 0.55 1521.0 4.0 3.8017914732099705
1556 0 1939.0 0.55 462.0 4.8 3.635413611941369
1557 0 1309.0 0.55 1521.0 2.8 4.106053147878768
1558 0 1309.0 0.86 462.0 4.0 3.8379478094447084
1559 0 1309.0 0.55 462.0 4.0 3.8379461493894147
1560 0 343.0 1.61 3521.0 6.8 6.618017304629471
1561 0 295.0 1.61 3521.0 5.6 7.430771928700958
1562 0 343.0 1.61 2462.0 5.6 5.5877326331214325
1563 0 343.0 1.3 3521.0 4.8 6.617865159677238
1564 0 343.0 1.3 2462.0 8.8 5.587915746852282
1565 0 295.0 1.3 3521.0 6.8 7.430885813963928
1566 0 295.0 1.61 2462.0 9.6 5.9113599931033916
1567 0 295.0 1.3 2462.0 3.6 5.910927997136199
1568 0 237.0 1.8 1021.0 9.6 6.1723057114176365
1569 0 197.0 1.8 1021.0 5.6 6.46268036485981
1570 0 237.0 1.8 2962.0 4.8 7.123694465299924
1571 0 237.0 1.87 1021.0 4.8 6.1722371774174976
1572 0 237.0 1.87 2962.0 6.0 7.123708011445388
1573 0 197.0 1.87 1021.0 5.6 6.462682734852517
1574 0 197.0 1.8 2962.0 6.8 7.7914407120062865
1575 0 197.0 1.87 2962.0 5.6 7.791409628097846
1576 0 976.0 1.05 3021.0 3.6 4.182574262353005
1577 0 820.0 1.05 3021.0 4.8 4.370658593315414
1578 0 976.0 1.05 962.0 4.8 4.108289003929187
1579 0 976.0 1.12 3021.0 3.6 4.182574079425869
1580 0 976.0 1.12 962.0 3.6 4.108269631160369
1581 0 820.0 1.12 3021.0 4.8 4.370658278568836
1582 0 820.0 1.05 962.0 5.6 4.29251650883514
1583 0 820.0 1.12 962.0 5.6 4.292516352195566
1584 0 480.0 1.42 21.0 3.6 4.161819831750996
1585 0 45.0 1.42 21.0 7.6 4.938751609143695
1586 0 480.0 1.42 1962.0 3.6 4.900488932687273
1587 0 480.0 0.74 21.0 5.6 4.162114011299352
1588 0 480.0 0.74 1962.0 2.8 4.900291039162353
1589 0 45.0 0.74 21.0 7.6 4.938754973207247
1590 0 45.0 1.42 1962.0 13.2 9.874470671653565
1591 0 45.0 0.74 1962.0 8.0 9.873670209048383
1592 0 74.0 0.67 2021.0 10.4 9.917985371299809
1593 0 417.0 0.67 2021.0 3.6 5.264726553510173
1594 0 74.0 0.67 3962.0 17.6 11.43050430893321
1595 0 74.0 1.49 2021.0 14.8 9.918684103585646
1596 0 74.0 1.49 3962.0 12.8 11.429850831987556
1597 0 417.0 1.49 2021.0 4.8 5.2650220925868565
1598 0 417.0 0.67 3962.0 4.8 5.701576848643022
1599 0 417.0 1.49 3962.0 3.6 5.701241259049954
1600 0 57.0 1.94 146.0 5.6 5.045017343761385
1601 0 268.0 1.94 146.0 3.6 4.318474970109565
1602 0 57.0 1.94 87.0 5.6 4.859699368169461
1603 0 57.0 1.07 146.0 3.6 5.044556189831628
1604 0 57.0 1.07 87.0 3.6 4.85925313002219
1605 0 268.0 1.07 146.0 5.6 4.31885812588133
1606 0 268.0 1.94 87.0 2.8 4.218275133706427
1607 0 268.0 1.07 87.0 5.2 4.21880744124968
1608 0 442.0 1.19 2146.0 3.6 5.1142254994063645
1609 0 1135.0 1.19 2146.0 3.6 3.9941410426329242
1610 0 442.0 1.19 2087.0 4.8 5.097891445144973
1611 0 442.0 1.82 2146.0 3.6 5.114230645077749
1612 0 442.0 1.82 2087.0 3.6 5.097681690487272
1613 0 1135.0 1.82 2146.0 3.6 3.9941412216218177
1614 0 1135.0 1.19 2087.0 3.6 4.015911970413975
1615 0 1135.0 1.82 2087.0 4.8 4.016084175663758
1616 0 880.0 1.56 1146.0 4.8 4.327373859294136
1617 0 97.0 1.56 1146.0 8.8 7.367011491476567
1618 0 880.0 1.56 3087.0 4.8 4.323041783147463
1619 0 880.0 1.44 1146.0 4.8 4.32737380076397
1620 0 880.0 1.44 3087.0 4.8 4.323042677457748
1621 0 97.0 1.44 1146.0 8.8 7.367013471963322
1622 0 97.0 1.56 3087.0 10.4 10.752987160477653
1623 0 97.0 1.44 3087.0 8.8 10.752959729109927
1624 0 213.0 0.81 3146.0 10.4 8.0587901962554
1625 0 533.0 0.81 3146.0 4.8 4.88783382273841
1626 0 213.0 0.81 1087.0 4.8 6.324872781941001
1627 0 213.0 0.69 3146.0 9.6 8.058783436651657
1628 0 213.0 0.69 1087.0 3.6 6.324815639047928
1629 0 533.0 0.69 3146.0 6.8 4.887884989251319
1630 0 533.0 0.81 1087.0 4.8 4.7916849181407875
1631 0 533.0 0.69 1087.0 4.8 4.791684762481889
1632 0 315.0 1.0 1646.0 4.8 5.699810773806706
1633 0 383.0 1.0 1646.0 3.6 5.230460898948908
1634 0 315.0 1.0 1587.0 4.8 5.617134228531431
1635 0 315.0 0.88 1646.0 6.8 5.699870040276251
1636 0 315.0 0.88 1587.0 5.6 5.617162247873146
1637 0 383.0 0.88 1646.0 5.6 5.2305294423441975
1638 0 383.0 1.0 1587.0 6.8 5.202727438681707
1639 0 383.0 0.88 1587.0 5.6 5.202701103013648
1640 0 1487.0 1.75 3646.0 4.8 4.044500088079812
1641 0 29.0 1.75 3646.0 14.8 12.895547444984622
1642 0 1487.0 1.75 3587.0 3.6 4.0410246827653635
1643 0 1487.0 1.63 3646.0 4.8 4.044500339627511
1644 0 1487.0 1.63 3587.0 4.8 4.041058064739826
1645 0 29.0 1.63 3646.0 14.4 12.895524499011234
1646 0 29.0 1.75 3587.0 14.4 12.38514914554961
1647 0 29.0 1.63 3587.0 14.4 12.385143479772918
1648 0 614.0 0.63 646.0 4.8 4.589265306036554
1649 0 748.0 0.63 646.0 3.6 4.311614562936176
1650 0 614.0 0.63 2587.0 4.8 4.5470388562747805
1651 0 614.0 1.26 646.0 4.8 4.58926562304066
1652 0 614.0 1.26 2587.0 4.8 4.5470314653957145
1653 0 748.0 1.26 646.0 4.8 4.311801619574994
1654 0 748.0 0.63 2587.0 2.8 4.224250680088961
1655 0 748.0 1.26 2587.0 3.6 4.2244034905774335
1656 0 129.0 1.38 2646.0 6.4 8.520119992128391
1657 0 175.0 1.38 2646.0 10.0 7.748765077553833
1658 0 129.0 1.38 587.0 6.4 6.433919702321537
1659 0 129.0 0.51 2646.0 8.0 8.520522390926748
1660 0 129.0 0.51 587.0 6.4 6.433909467397459
1661 0 175.0 0.51 2646.0 9.6 7.748718986383849
1662 0 175.0 1.38 587.0 6.8 5.917931831423477
1663 0 175.0 0.51 587.0 5.2 5.917607657801168
1664 0 91.0 0.53 1396.0 7.2 7.6586882596439
1665 0 61.0 0.53 1396.0 12.8 7.970249417716172
1666 0 91.0 0.53 2337.0 14.4 9.442299940924507
1667 0 91.0 0.79 1396.0 3.6 7.658377989058191
1668 0 91.0 0.79 2337.0 5.2 9.441717569152505
1669 0 61.0 0.79 1396.0 11.6 7.970210924302217
1670 0 61.0 0.53 2337.0 14.4 10.079780015660903
1671 0 61.0 0.79 2337.0 14.4 10.079799571479791
1672 0 521.0 1.28 3396.0 4.8 5.0067074782456435
1673 0 452.0 1.28 3396.0 5.6 5.374187482658397
1674 0 521.0 1.28 337.0 3.6 4.47246773727033
1675 0 521.0 1.54 3396.0 4.8 5.0067058456779945
1676 0 521.0 1.54 337.0 5.6 4.472592537836085
1677 0 452.0 1.54 3396.0 3.6 5.374038944100058
1678 0 452.0 1.28 337.0 4.0 4.5104425209853325
1679 0 452.0 1.54 337.0 4.8 4.510502471071491
1680 0 1096.0 0.91 396.0 4.4 3.931534187330088
1681 0 220.0 0.91 396.0 4.8 5.143638016783329
1682 0 1096.0 0.91 1337.0 3.6 4.168174245703208
1683 0 1096.0 1.91 396.0 4.8 3.93161907516583
1684 0 1096.0 1.91 1337.0 4.8 4.168462574624532
1685 0 220.0 1.91 396.0 6.4 5.144014075564349
1686 0 220.0 0.91 1337.0 5.6 6.39403158296664
1687 0 220.0 1.91 1337.0 5.6 6.394052609082909
1688 0 261.0 1.66 2396.0 5.6 6.28216245536261
1689 0 905.0 1.66 2396.0 2.8 4.209918367810416
1690 0 261.0 1.66 3337.0 4.8 7.387736243040537
1691 0 261.0 1.16 2396.0 4.8 6.282040663640657
1692 0 261.0 1.16 3337.0 14.8 7.3887344287596175
1693 0 905.0 1.16 2396.0 4.8 4.210191020075095
1694 0 905.0 1.66 3337.0 3.6 4.210489776549455
1695 0 905.0 1.16 3337.0 4.0 4.210543789548504
1696 0 169.0 1.47 896.0 4.8 6.6334232342187756
1697 0 1578.0 1.47 896.0 4.0 3.8557543308284274
1698 0 169.0 1.47 3837.0 3.6 10.114282003870843
1699 0 169.0 0.6 896.0 4.8 6.633388440745498
1700 0 169.0 0.6 3837.0 26.0 10.118192812254872
1701 0 1578.0 0.6 896.0 4.0 3.855753870347039
1702 0 1578.0 1.47 3837.0 2.8 3.929479875261693
1703 0 1578.0 0.6 3837.0 4.0 3.929768599773077
1704 0 730.0 0.72 2896.0 3.6 4.359578385096566
1705 0 322.0 0.72 2896.0 4.8 5.951205594474972
1706 0 730.0 0.72 1837.0 5.6 4.368811040009757
1707 0 730.0 1.35 2896.0 3.6 4.359572881907562
1708 0 730.0 1.35 1837.0 4.8 4.36870728583993
1709 0 322.0 1.35 2896.0 3.6 5.950912689235493
1710 0 322.0 0.72 1837.0 10.0 6.22938527892684
1711 0 322.0 1.35 1837.0 8.8 6.229257092395238
1712 0 374.0 1.85 1896.0 4.8 5.718823137754576
1713 0 629.0 1.85 1896.0 4.8 4.520746753124321
1714 0 374.0 1.85 837.0 4.8 5.407242690451148
1715 0 374.0 1.73 1896.0 6.0 5.71885890020491
1716 0 374.0 1.73 837.0 5.6 5.407263716439941
1717 0 629.0 1.73 1896.0 4.8 4.520746141781875
1718 0 629.0 1.85 837.0 5.6 4.570677358688718
1719 0 629.0 1.73 837.0 3.6 4.570618456869055
1720 0 24.0 1.1 3896.0 6.0 11.960448653611776
1721 0 134.0 1.1 3896.0 9.2 10.772693839464145
1722 0 24.0 1.1 2837.0 4.0 10.32713333560975
1723 0 24.0 0.98 3896.0 6.4 11.96046961268146
1724 0 24.0 0.98 2837.0 4.8 10.327190587660727
1725 0 134.0 0.98 3896.0 6.8 10.772573293551842
1726 0 134.0 1.1 2837.0 6.8 8.507542447423477
1727 0 134.0 0.98 2837.0 6.8 8.507547167804992
1728 0 20.0 1.88 1302.0 9.6 8.051924559282261
1729 0 462.0 1.88 1302.0 4.8 4.8316271822508545
1730 0 20.0 1.88 3244.0 44.7999999999999 12.740758933901121
1731 0 20.0 0.54 1302.0 9.6 8.051893547980978
1732 0 20.0 0.54 3244.0 15.2 12.736497906360508
1733 0 462.0 0.54 1302.0 4.8 4.831633223232843
1734 0 462.0 1.88 3244.0 4.8 5.181692238609233
1735 0 462.0 0.54 3244.0 3.6 5.181234037713083
1736 0 366.0 1.13 3302.0 6.8 5.926668666595971
1737 0 66.0 1.13 3302.0 18.4 11.47052914938997
1738 0 366.0 1.13 1244.0 4.8 5.318152196620382
1739 0 366.0 1.29 3302.0 4.8 5.926586554129112
1740 0 366.0 1.29 1244.0 5.6 5.318183927310417
1741 0 66.0 1.29 3302.0 10.8 11.470288752004443
1742 0 66.0 1.13 1244.0 11.6 7.69860971097304
1743 0 66.0 1.29 1244.0 12.8 7.69864256846304
1744 0 714.0 1.51 302.0 4.8 4.252470530634017
1745 0 929.0 1.51 302.0 3.6 3.9757812800009398
1746 0 714.0 1.51 244.0 2.8 4.147075965131382
1747 0 714.0 1.67 302.0 4.8 4.252471730638695
1748 0 714.0 1.67 244.0 4.8 4.147162052628692
1749 0 929.0 1.67 302.0 4.8 3.975825386238538
1750 0 929.0 1.51 244.0 3.6 3.927586156809206
1751 0 929.0 1.67 244.0 3.6 3.9275869917524835
1752 0 164.0 0.76 2302.0 9.6 8.134520187916204
1753 0 225.0 0.76 2302.0 5.6 7.020657403171803
1754 0 164.0 0.76 2244.0 9.2 8.397000289350123
1755 0 164.0 0.92 2302.0 6.8 8.134419164588113
1756 0 164.0 0.92 2244.0 7.6 8.396949926551304
1757 0 225.0 0.92 2302.0 3.6 7.020543446321687
1758 0 225.0 0.76 2244.0 5.6 7.2242555019793775
1759 0 225.0 0.92 2244.0 5.6 7.22426199171358
1760 0 255.0 0.94 802.0 9.2 6.04956692432465
1761 0 330.0 0.94 802.0 4.8 5.565092096138215
1762 0 255.0 0.94 2744.0 6.8 6.683305170572903
1763 0 255.0 0.73 802.0 9.6 6.049579496426538
1764 0 255.0 0.73 2744.0 5.6 6.683245046409557
1765 0 330.0 0.73 802.0 3.6 5.565006426269585
1766 0 330.0 0.94 2744.0 3.6 5.874551705723531
1767 0 330.0 0.73 2744.0 5.6 5.874686163309955
1768 0 1063.0 1.69 2802.0 5.6 4.126717927982138
1769 0 1677.0 1.69 2802.0 2.8 3.9658603735702447
1770 0 1063.0 1.69 744.0 3.6 3.8875416934136804
1771 0 1063.0 1.48 2802.0 2.8 4.126575132640968
1772 0 1063.0 1.48 744.0 3.6 3.8875406156454244
1773 0 1677.0 1.48 2802.0 4.8 3.9659670194816754
1774 0 1677.0 1.69 744.0 3.6 3.7199193086645073
1775 0 1677.0 1.48 744.0 3.6 3.7199190571948035
1776 0 510.0 0.57 1802.0 5.6 4.867981173367284
1777 0 139.0 0.57 1802.0 11.6 8.565391736348387
1778 0 510.0 0.57 1744.0 5.6 4.856971544758523
1779 0 510.0 1.85 1802.0 4.8 4.867750680668047
1780 0 510.0 1.85 1744.0 5.6 4.856966694387908
1781 0 139.0 1.85 1802.0 11.2 8.565261141267388
1782 0 139.0 0.57 1744.0 9.2 8.220261642838322
1783 0 139.0 1.85 1744.0 15.2 8.221431673669812
1784 0 87.0 1.32 3802.0 10.0 11.763294194673673
1785 0 642.0 1.32 3802.0 4.8 4.529714107720292
1786 0 87.0 1.32 3744.0 28.4 12.017348598644375
1787 0 87.0 1.1 3802.0 21.2 11.763760380126483
1788 0 87.0 1.1 3744.0 3.6 12.016048349241768
1789 0 642.0 1.1 3802.0 4.8 4.529716512310329
1790 0 642.0 1.32 3744.0 5.6 4.539640746337054
1791 0 642.0 1.1 3744.0 4.8 4.5396084651558715
1792 0 124.0 0.66 52.0 2.8 4.532575210696651
1793 0 1174.0 0.66 52.0 3.6 3.848724595193186
1794 0 124.0 0.66 1494.0 3.6 7.346079396292347
1795 0 124.0 1.01 52.0 2.8 4.532573002461999
1796 0 124.0 1.01 1494.0 7.6 7.346513892435053
1797 0 1174.0 1.01 52.0 3.6 3.8487264450104
1798 0 1174.0 0.66 1494.0 4.8 4.170374441607734
1799 0 1174.0 1.01 1494.0 4.8 4.170375528655812
1800 0 602.0 1.41 2052.0 4.8 4.693297955154158
1801 0 275.0 1.41 2052.0 10.0 6.755330548171033
1802 0 602.0 1.41 3494.0 3.6 4.724487811737381
1803 0 602.0 1.76 2052.0 4.8 4.6932945493234675
1804 0 602.0 1.76 3494.0 4.8 4.724599399990056
1805 0 275.0 1.76 2052.0 3.6 6.754773229810305
1806 0 275.0 1.41 3494.0 16.8 7.805866132022007
1807 0 275.0 1.76 3494.0 5.6 7.805147863811019
1808 0 1418.0 1.04 1052.0 4.8 4.022954968103946
1809 0 544.0 1.04 1052.0 4.8 4.758175338420604
1810 0 1418.0 1.04 2494.0 4.0 4.167090163179828
1811 0 1418.0 1.39 1052.0 3.6 4.02285925803836
1812 0 1418.0 1.39 2494.0 4.8 4.16715249152474
1813 0 544.0 1.39 1052.0 3.6 4.75806431976902
1814 0 544.0 1.04 2494.0 4.8 4.698877600882755
1815 0 544.0 1.39 2494.0 3.6 4.698761760964267
1816 0 308.0 1.79 3052.0 3.6 6.33540349908814
1817 0 101.0 1.79 3052.0 8.8 10.50046577313242
1818 0 308.0 1.79 494.0 7.2 5.059394445313612
1819 0 308.0 0.64 3052.0 8.8 6.336953771518654
1820 0 308.0 0.64 494.0 5.6 5.05903743712913
1821 0 101.0 0.64 3052.0 31.2 10.504164090437635
1822 0 101.0 1.79 494.0 4.0 6.449534971929237
1823 0 101.0 0.64 494.0 5.2 6.44996462541646
1824 0 207.0 1.6 1552.0 6.8 6.665213639588365
1825 0 33.0 1.6 1552.0 3.6 8.461510227691772
1826 0 207.0 1.6 994.0 7.6 6.3910752310300385
1827 0 207.0 1.2 1552.0 10.0 6.665453343694253
1828 0 207.0 1.2 994.0 5.6 6.390877717739578
1829 0 33.0 1.2 1552.0 3.6 8.461504859236491
1830 0 33.0 1.6 994.0 3.6 7.63469396988637
1831 0 33.0 1.2 994.0 3.6 7.634663641461141
1832 0 858.0 0.85 3552.0 5.6 4.292316427350995
1833 0 391.0 0.85 3552.0 7.6 6.031563297508717
1834 0 858.0 0.85 2994.0 4.8 4.32195478752954
1835 0 858.0 1.95 3552.0 4.8 4.2921374369229275
1836 0 858.0 1.95 2994.0 4.8 4.321949451281722
1837 0 391.0 1.95 3552.0 4.8 6.030827200690872
1838 0 391.0 0.85 2994.0 6.8 5.506766677460817
1839 0 391.0 1.95 2994.0 4.8 5.506247454879335
1840 0 433.0 1.97 552.0 5.6 4.839362662748333
1841 0 180.0 1.97 552.0 4.4 5.782236694010614
1842 0 433.0 1.97 3994.0 4.8 5.6380038652067865
1843 0 433.0 1.57 552.0 3.6 4.839153944580087
1844 0 433.0 1.57 3994.0 4.8 5.637997054648639
1845 0 180.0 1.57 552.0 4.8 5.782268879097051
1846 0 180.0 1.97 3994.0 4.8 9.209169016105774
1847 0 180.0 1.57 3994.0 6.8 9.209471463280298
1848 0 53.0 1.22 2552.0 6.4 9.50865803989539
1849 0 765.0 1.22 2552.0 4.8 4.241046562269051
1850 0 53.0 1.22 1994.0 7.6 9.914905691831104
1851 0 53.0 0.82 2552.0 10.4 9.50909551678533
1852 0 53.0 0.82 1994.0 14.8 9.91570409737476
1853 0 765.0 0.82 2552.0 4.8 4.241048703715129
1854 0 765.0 1.22 1994.0 2.8 4.37984341363272
1855 0 765.0 0.82 1994.0 5.6 4.380132843984702
1856 0 69.0 1.36 677.0 9.2 7.524840105611756
1857 0 120.0 1.36 677.0 7.2 6.731973264850672
1858 0 69.0 1.36 2119.0 15.6 10.52408605818872
1859 0 69.0 1.99 677.0 5.2 7.524219824297316
1860 0 69.0 1.99 2119.0 14.4 10.523961715802686
1861 0 120.0 1.99 677.0 4.8 6.731603852939357
1862 0 120.0 1.36 2119.0 10.8 9.510503459104374
1863 0 120.0 1.99 2119.0 13.6 9.51085531222499
1864 0 470.0 0.61 2677.0 5.6 5.007704612178033
1865 0 591.0 0.61 2677.0 4.8 4.631465036457094
1866 0 470.0 0.61 119.0 3.6 4.305692598023489
1867 0 470.0 1.24 2677.0 4.8 5.007575305034689
1868 0 470.0 1.24 119.0 4.8 4.3058806172310735
1869 0 591.0 1.24 2677.0 5.6 4.631561209314127
1870 0 591.0 0.61 119.0 5.6 4.222904978806855
1871 0 591.0 1.24 119.0 4.8 4.22281232083366
1872 0 950.0 1.74 1677.0 3.6 4.137969365692123
1873 0 301.0 1.74 1677.0 4.8 5.883017977010582
1874 0 950.0 1.74 1119.0 3.6 4.234038781935713
1875 0 950.0 0.87 1677.0 4.8 4.138219980047936
1876 0 950.0 0.87 1119.0 4.8 4.2342870457898805
1877 0 301.0 0.87 1677.0 6.0 5.8832916105923685
1878 0 301.0 1.74 1119.0 4.8 5.7325554809937795
1879 0 301.0 0.87 1119.0 4.8 5.7325442419855115
1880 0 231.0 0.99 3677.0 5.6 8.98057995691177
1881 0 1364.0 0.99 3677.0 4.8 4.01838492759195
1882 0 231.0 0.99 3119.0 5.6 7.546755400291394
1883 0 231.0 1.62 3677.0 5.6 8.980566468741477
1884 0 231.0 1.62 3119.0 3.6 7.546208948328747
1885 0 1364.0 1.62 3677.0 3.6 4.018210923840882
1886 0 1364.0 0.99 3119.0 3.6 4.039899854212193
1887 0 1364.0 1.62 3119.0 4.8 4.040071991440079
1888 0 336.0 0.8 1177.0 6.8 5.529367223529058
1889 0 840.0 0.8 1177.0 4.8 4.378603707026262
1890 0 336.0 0.8 3619.0 5.6 6.717475281268033
1891 0 336.0 1.81 1177.0 4.8 5.52891661548242
1892 0 336.0 1.81 3619.0 5.6 6.7174623900489285
1893 0 840.0 1.81 1177.0 3.6 4.3783062640886365
1894 0 840.0 0.8 3619.0 4.8 4.280314493188887
1895 0 840.0 1.81 3619.0 4.8 4.280307856882936
1896 0 1782.0 1.55 3177.0 2.8 3.8741692454844334
1897 0 202.0 1.55 3177.0 6.8 8.397482584655368
1898 0 1782.0 1.55 1619.0 2.8 3.9383415556027264
1899 0 1782.0 1.06 3177.0 2.8 3.87416981168311
1900 0 1782.0 1.06 1619.0 6.0 3.938690752135833
1901 0 202.0 1.06 3177.0 43.199999999999896 8.399328041032751
1902 0 202.0 1.55 1619.0 6.8 6.749107546505695
1903 0 202.0 1.06 1619.0 6.4 6.749066086720203
1904 0 654.0 1.18 177.0 3.6 4.154413901499743
1905 0 425.0 1.18 177.0 4.8 4.404721896826899
1906 0 654.0 1.18 619.0 3.6 4.499382587849172
1907 0 654.0 0.68 177.0 3.6 4.1544116601991545
1908 0 654.0 0.68 619.0 4.8 4.499535516453437
1909 0 425.0 0.68 177.0 5.6 4.404799141089019
1910 0 425.0 1.18 619.0 4.8 4.951066503083594
1911 0 425.0 0.68 619.0 3.6 4.950895734597913
1912 0 144.0 1.93 2177.0 16.8 9.085228556389373
1913 0 49.0 1.93 2177.0 25.6 10.971253120863242
1914 0 144.0 1.93 2619.0 5.2 8.296825229674639
1915 0 144.0 1.43 2177.0 17.2 9.085231188310683
1916 0 144.0 1.43 2619.0 30.8 8.298588775581226
1917 0 49.0 1.43 2177.0 6.8 10.969538653897217
1918 0 49.0 1.93 2619.0 14.4 9.87265264619399
1919 0 49.0 1.43 2619.0 14.4 9.872672633050675
1920 0 105.0 1.08 1927.0 4.8 9.186044073672463
1921 0 159.0 1.08 1927.0 9.2 8.5016856216191
1922 0 105.0 1.08 369.0 4.0 5.916736440656812
1923 0 105.0 1.53 1927.0 10.4 9.186813636835657
1924 0 105.0 1.53 369.0 4.8 5.916852815345278
1925 0 159.0 1.53 1927.0 14.4 8.502103936368018
1926 0 159.0 1.08 369.0 5.6 5.430447272552664
1927 0 159.0 1.53 369.0 5.2 5.430411995965082
1928 0 554.0 1.83 3927.0 4.8 4.871694227977638
1929 0 700.0 1.83 3927.0 3.6 4.386245941032921
1930 0 554.0 1.83 2369.0 4.8 4.71856637225712
1931 0 554.0 0.78 3927.0 3.6 4.8713559513760165
1932 0 554.0 0.78 2369.0 4.8 4.718576777292438
1933 0 700.0 0.78 3927.0 4.8 4.386570345815821
1934 0 700.0 1.83 2369.0 2.8 4.41118503559306
1935 0 700.0 0.78 2369.0 3.6 4.411467700643058
1936 0 1209.0 0.71 927.0 3.6 3.970365372033946
1937 0 17.0 0.71 927.0 10.4 7.881308688465666
1938 0 1209.0 0.71 3369.0 4.8 4.053911751570542
1939 0 1209.0 1.15 927.0 3.6 3.9703665671655126
1940 0 1209.0 1.15 3369.0 3.6 4.053787747388163
1941 0 17.0 1.15 927.0 10.4 7.881322981201373
1942 0 17.0 0.71 3369.0 7.2 11.925233782471253
1943 0 17.0 1.15 3369.0 7.2 11.925242732461054
1944 0 281.0 1.46 2927.0 5.6 6.410561280647774
1945 0 360.0 1.46 2927.0 7.6 5.681432918849581
1946 0 281.0 1.46 1369.0 3.6 5.824335937929717
1947 0 281.0 1.9 2927.0 4.8 6.410442296835861
1948 0 281.0 1.9 1369.0 4.8 5.8245185165200795
1949 0 360.0 1.9 2927.0 4.8 5.681154125680094
1950 0 360.0 1.46 1369.0 5.6 5.321878492261808
1951 0 360.0 1.9 1369.0 6.8 5.321992800016017
1952 0 185.0 1.65 427.0 5.6 5.44785347265061
1953 0 501.0 1.65 427.0 4.8 4.577734053455724
1954 0 185.0 1.65 1869.0 3.6 7.938393633658527
1955 0 185.0 1.34 427.0 5.6 5.447846078120991
1956 0 185.0 1.34 1869.0 8.4 7.938893974627406
1957 0 501.0 1.34 427.0 3.6 4.577632883860785
1958 0 501.0 1.65 1869.0 3.6 4.864381930923753
1959 0 501.0 1.34 1869.0 4.8 4.86448316721371
1960 0 781.0 0.9 2427.0 4.8 4.290953325183101
1961 0 83.0 0.9 2427.0 10.8 9.049221308758
1962 0 781.0 0.9 3869.0 3.6 4.2279325179300065
1963 0 781.0 0.59 2427.0 3.6 4.290865502410768
1964 0 781.0 0.59 3869.0 4.8 4.228023254487813
1965 0 83.0 0.59 2427.0 10.8 9.049239245416054
1966 0 83.0 0.9 3869.0 10.8 11.758780712341013
1967 0 83.0 0.59 3869.0 42.3999999999999 11.759942021046317
1968 0 399.0 1.27 1427.0 4.8 5.105946225965514
1969 0 1036.0 1.27 1427.0 3.6 4.147239722593673
1970 0 399.0 1.27 2869.0 3.6 5.405146805489096
1971 0 399.0 0.96 1427.0 5.6 5.106003976878118
1972 0 399.0 0.96 2869.0 5.6 5.405331781769041
1973 0 1036.0 0.96 1427.0 3.2 4.147203011604928
1974 0 1036.0 1.27 2869.0 4.8 4.148729270514343
1975 0 1036.0 0.96 2869.0 4.0 4.148674178229655
1976 0 36.0 0.52 3427.0 7.2 11.562796847140559
1977 0 249.0 0.52 3427.0 6.8 7.945121843215695
1978 0 36.0 0.52 869.0 4.8 7.755886525836489
1979 0 36.0 1.71 3427.0 8.8 11.563484511083791
1980 0 36.0 1.71 869.0 4.8 7.755957375555541
1981 0 249.0 1.71 3427.0 3.6 7.943683927232083
1982 0 249.0 0.52 869.0 6.4 6.129104400600996
1983 0 249.0 1.71 869.0 6.8 6.1292456158130415
1984 0 28.0 1.06 365.0 15.6 6.9221951699098625
1985 0 57.0 1.06 365.0 3.6 6.540039527409075
1986 0 28.0 1.06 3681.0 15.2 13.131094873413838
1987 0 28.0 1.88 365.0 15.6 6.92217110407685
1988 0 28.0 1.88 3681.0 22.8 13.132157550881965
1989 0 57.0 1.88 365.0 5.6 6.540511729443003
1990 0 57.0 1.06 3681.0 34.7999999999999 12.903083594779629
1991 0 57.0 1.88 3681.0 34.7999999999999 12.90311974009485
1992 0 382.0 1.81 2365.0 3.6 5.319524273143048
1993 0 443.0 1.81 2365.0 4.8 5.056227339631845
1994 0 382.0 1.81 1681.0 5.6 5.328216621506966
1995 0 382.0 1.13 2365.0 3.6 5.319521718765762
1996 0 382.0 1.13 1681.0 5.6 5.328215600189086
1997 0 443.0 1.13 2365.0 6.8 5.056511447526815
1998 0 443.0 1.81 1681.0 4.8 5.024374806241022
1999 0 443.0 1.13 1681.0 4.8 5.024375212792479
